,fixture,round,team_home,uniqueid_home,team_away,uniqueid_away,team_home_gs,team_home_gc,team_away_gs,team_away_gc,team_home_win,team_home_draw,team_home_loss,team_away_win,team_away_draw,team_away_loss,home_odds_win_3,home_odds_draw_3,home_odds_loss_3,away_odds_win_3,away_odds_draw_3,away_odds_loss_3
0,9,1,12,11,20,20,4,0,0,4,1,0,0,0,0,1,0.3333333333333333,0.3333333333333333,0.3333333333333333,0.3333333333333333,0.3333333333333333,0.3333333333333333
1,4,1,6,5,8,22,0,3,3,0,0,0,1,1,0,0,0.3333333333333333,0.3333333333333333,0.3333333333333333,0.3333333333333333,0.3333333333333333,0.3333333333333333
2,1,1,1,1,9,8,4,3,3,4,1,0,0,0,0,1,0.3333333333333333,0.3333333333333333,0.3333333333333333,0.3333333333333333,0.3333333333333333,0.3333333333333333
3,7,1,18,18,10,9,3,3,3,3,0,1,0,0,1,0,0.3333333333333333,0.3333333333333333,0.3333333333333333,0.3333333333333333,0.3333333333333333,0.3333333333333333
4,8,1,19,19,2,2,1,0,0,1,1,0,0,0,0,1,0.3333333333333333,0.3333333333333333,0.3333333333333333,0.3333333333333333,0.3333333333333333,0.3333333333333333
5,5,1,7,6,15,14,1,0,0,1,1,0,0,0,0,1,0.3333333333333333,0.3333333333333333,0.3333333333333333,0.3333333333333333,0.3333333333333333,0.3333333333333333
6,2,1,3,21,11,10,0,2,2,0,0,0,1,1,0,0,0.3333333333333333,0.3333333333333333,0.3333333333333333,0.3333333333333333,0.3333333333333333,0.3333333333333333
7,10,1,13,23,17,17,0,2,2,0,0,0,1,1,0,0,0.3333333333333333,0.3333333333333333,0.3333333333333333,0.3333333333333333,0.3333333333333333,0.3333333333333333
8,6,1,14,13,16,16,0,0,0,0,0,1,0,0,1,0,0.3333333333333333,0.3333333333333333,0.3333333333333333,0.3333333333333333,0.3333333333333333,0.3333333333333333
9,3,1,5,4,4,3,2,3,3,2,0,0,1,1,0,0,0.3333333333333333,0.3333333333333333,0.3333333333333333,0.3333333333333333,0.3333333333333333,0.3333333333333333
10,15,2,14,13,20,20,3,2,2,3,1,0,0,0,0,1,0.5,0.5,0.0,0.0,0.5,0.5
11,18,2,8,22,13,23,1,0,0,1,1,0,0,0,0,1,0.3333333333333333,0.3333333333333333,0.3333333333333333,0.3333333333333333,0.3333333333333333,0.3333333333333333
12,16,2,15,14,1,1,1,0,0,1,1,0,0,0,0,1,0.3333333333333333,0.3333333333333333,0.3333333333333333,0.3333333333333333,0.3333333333333333,0.3333333333333333
13,11,2,2,2,18,18,0,2,2,0,0,0,1,1,0,0,0.3333333333333333,0.3333333333333333,0.3333333333333333,0.3333333333333333,0.3333333333333333,0.3333333333333333
14,14,2,10,9,6,5,1,0,0,1,1,0,0,0,0,1,0.3333333333333333,0.3333333333333333,0.3333333333333333,0.3333333333333333,0.3333333333333333,0.3333333333333333
15,20,2,11,10,7,6,1,1,1,1,0,1,0,0,1,0,0.3333333333333333,0.3333333333333333,0.3333333333333333,0.3333333333333333,0.3333333333333333,0.3333333333333333
16,12,2,4,3,19,19,0,1,1,0,0,0,1,1,0,0,0.3333333333333333,0.3333333333333333,0.3333333333333333,0.3333333333333333,0.3333333333333333,0.3333333333333333
17,13,2,9,8,3,21,2,0,0,2,1,0,0,0,0,1,0.3333333333333333,0.3333333333333333,0.3333333333333333,0.3333333333333333,0.3333333333333333,0.3333333333333333
18,17,2,16,16,12,11,0,4,4,0,0,0,1,1,0,0,0.3333333333333333,0.3333333333333333,0.3333333333333333,0.3333333333333333,0.3333333333333333,0.3333333333333333
19,19,2,17,17,5,4,1,2,2,1,0,0,1,1,0,0,0.3333333333333333,0.3333333333333333,0.3333333333333333,0.3333333333333333,0.3333333333333333,0.3333333333333333
20,26,3,13,23,20,20,3,0,0,3,1,0,0,0,0,1,0.6666666666666666,0.0,0.3333333333333333,0.3333333333333333,0.0,0.6666666666666666
21,24,3,8,22,14,13,0,0,0,0,0,1,0,0,1,0,1.0,0.0,0.0,0.0,0.0,1.0
22,28,3,10,9,1,1,4,0,0,4,1,0,0,0,0,1,1.0,0.0,0.0,0.0,0.0,1.0
23,27,3,18,18,3,21,0,0,0,0,0,1,0,0,1,0,0.5,0.5,0.0,0.0,0.5,0.5
24,21,3,2,2,11,10,1,2,2,1,0,0,1,1,0,0,0.0,0.0,1.0,1.0,0.0,0.0
25,22,3,5,4,7,6,2,0,0,2,1,0,0,0,0,1,0.0,0.5,0.5,0.5,0.5,0.0
26,30,3,19,19,15,14,1,1,1,1,0,1,0,0,1,0,1.0,0.0,0.0,0.0,0.0,1.0
27,25,3,12,11,9,8,2,0,0,2,1,0,0,0,0,1,1.0,0.0,0.0,0.0,0.0,1.0
28,23,3,6,5,16,16,0,2,2,0,0,0,1,1,0,0,0.0,0.5,0.5,0.5,0.5,0.0
29,29,3,17,17,4,3,1,1,1,1,0,1,0,0,1,0,0.0,0.0,1.0,1.0,0.0,0.0
30,40,4,20,20,8,22,2,0,0,2,1,0,0,0,0,1,0.0,0.0,1.0,1.0,0.0,0.0
31,31,4,1,1,2,2,3,0,0,3,1,0,0,0,0,1,1.0,0.0,0.0,0.0,0.0,1.0
32,36,4,14,13,18,18,0,2,2,0,0,0,1,1,0,0,0.3333333333333333,0.3333333333333333,0.3333333333333333,0.3333333333333333,0.3333333333333333,0.3333333333333333
33,35,4,11,10,10,9,5,0,0,5,1,0,0,0,0,1,0.0,1.0,0.0,0.0,1.0,0.0
34,33,4,7,6,17,17,0,3,3,0,0,0,1,1,0,0,0.5,0.0,0.5,0.5,0.0,0.5
35,32,4,3,21,19,19,3,1,1,3,1,0,0,0,0,1,0.0,0.0,1.0,1.0,0.0,0.0
36,34,4,9,8,5,4,1,2,2,1,0,0,1,1,0,0,0.5,0.0,0.5,0.5,0.0,0.5
37,39,4,16,16,13,23,0,1,1,0,0,0,1,1,0,0,0.5,0.0,0.5,0.5,0.0,0.5
38,37,4,15,14,12,11,2,2,2,2,0,1,0,0,1,0,0.5,0.0,0.5,0.5,0.0,0.5
39,38,4,4,3,6,5,1,0,0,1,1,0,0,0,0,1,0.5,0.0,0.5,0.5,0.0,0.5
40,48,5,19,19,20,20,0,0,0,0,0,1,0,0,1,0,0.8,0.2,0.0,0.0,0.2,0.8
41,43,5,8,22,9,8,1,1,1,1,0,1,0,0,1,0,0.75,0.25,0.0,0.0,0.25,0.75
42,49,5,5,4,1,1,0,0,0,0,0,1,0,0,1,0,0.75,0.0,0.25,0.25,0.0,0.75
43,47,5,18,18,11,10,0,6,6,0,0,0,1,1,0,0,0.0,0.5,0.5,0.5,0.5,0.0
44,41,5,2,2,3,21,2,1,1,2,1,0,0,0,0,1,0.25,0.25,0.5,0.5,0.25,0.25
45,44,5,10,9,4,3,1,1,1,1,0,1,0,0,1,0,0.5,0.25,0.25,0.25,0.25,0.5
46,50,5,12,11,7,6,4,0,0,4,1,0,0,0,0,1,0.75,0.25,0.0,0.0,0.25,0.75
47,45,5,13,23,15,14,2,1,1,2,1,0,0,0,0,1,0.5,0.25,0.25,0.25,0.25,0.5
48,42,5,6,5,14,13,0,1,1,0,0,0,1,1,0,0,0.0,0.3333333333333333,0.6666666666666666,0.6666666666666666,0.3333333333333333,0.0
49,46,5,17,17,16,16,0,0,0,0,0,1,0,0,1,0,0.0,0.5,0.5,0.5,0.5,0.0
50,58,6,20,20,17,17,2,3,3,2,0,0,1,1,0,0,0.3333333333333333,0.0,0.6666666666666666,0.6666666666666666,0.0,0.3333333333333333
51,51,6,4,3,8,22,0,0,0,0,0,1,0,0,1,0,0.5,0.0,0.5,0.5,0.0,0.5
52,52,6,7,6,2,2,2,1,1,2,1,0,0,0,0,1,0.75,0.0,0.25,0.25,0.0,0.75
53,60,6,1,1,19,19,2,0,0,2,1,0,0,0,0,1,0.75,0.0,0.25,0.25,0.0,0.75
54,57,6,16,16,18,18,1,2,2,1,0,0,1,1,0,0,0.0,0.0,1.0,1.0,0.0,0.0
55,53,6,9,8,10,9,2,3,3,2,0,0,1,1,0,0,0.5,0.25,0.25,0.25,0.25,0.5
56,54,6,11,10,6,5,5,0,0,5,1,0,0,0,0,1,0.75,0.25,0.0,0.0,0.25,0.75
57,59,6,3,21,13,23,1,0,0,1,1,0,0,0,0,1,0.5,0.0,0.5,0.5,0.0,0.5
58,55,6,14,13,12,11,0,1,1,0,0,0,1,1,0,0,0.2,0.4,0.4,0.4,0.4,0.2
59,56,6,15,14,5,4,0,4,4,0,0,0,1,1,0,0,0.25,0.25,0.5,0.5,0.25,0.25
60,67,7,20,20,16,16,1,0,0,1,1,0,0,0,0,1,0.2,0.4,0.4,0.4,0.4,0.2
61,69,7,4,3,7,6,0,1,1,0,0,0,1,1,0,0,0.5,0.3333333333333333,0.16666666666666666,0.16666666666666666,0.3333333333333333,0.5
62,63,7,8,22,17,17,0,4,4,0,0,0,1,1,0,0,0.16666666666666666,0.3333333333333333,0.5,0.5,0.3333333333333333,0.16666666666666666
63,61,7,2,2,9,8,0,0,0,0,0,1,0,0,1,0,0.5,0.16666666666666666,0.3333333333333333,0.3333333333333333,0.16666666666666666,0.5
64,68,7,1,1,3,21,2,0,0,2,1,0,0,0,0,1,0.8333333333333334,0.16666666666666666,0.0,0.0,0.16666666666666666,0.8333333333333334
65,66,7,19,19,18,18,2,2,2,2,0,1,0,0,1,0,0.16666666666666666,0.3333333333333333,0.5,0.5,0.3333333333333333,0.16666666666666666
66,70,7,13,23,10,9,1,1,1,1,0,1,0,0,1,0,0.5,0.16666666666666666,0.3333333333333333,0.3333333333333333,0.16666666666666666,0.5
67,62,7,5,4,11,10,0,1,1,0,0,0,1,1,0,0,0.16666666666666666,0.16666666666666666,0.6666666666666666,0.6666666666666666,0.16666666666666666,0.16666666666666666
68,65,7,15,14,14,13,2,1,1,2,1,0,0,0,0,1,0.2,0.4,0.4,0.4,0.4,0.2
69,64,7,12,11,6,5,4,0,0,4,1,0,0,0,0,1,1.0,0.0,0.0,0.0,0.0,1.0
70,72,8,4,3,20,20,1,1,1,1,0,1,0,0,1,0,0.5,0.3333333333333333,0.16666666666666666,0.16666666666666666,0.3333333333333333,0.5
71,78,8,16,16,8,22,2,0,0,2,1,0,0,0,0,1,0.16666666666666666,0.16666666666666666,0.6666666666666666,0.6666666666666666,0.16666666666666666,0.16666666666666666
72,79,8,17,17,2,2,1,0,0,1,1,0,0,0,0,1,0.5,0.3333333333333333,0.16666666666666666,0.16666666666666666,0.3333333333333333,0.5
73,80,8,18,18,1,1,2,1,1,2,1,0,0,0,0,1,0.3333333333333333,0.5,0.16666666666666666,0.16666666666666666,0.5,0.3333333333333333
74,75,8,10,9,12,11,0,0,0,0,0,1,0,0,1,0,0.3333333333333333,0.3333333333333333,0.3333333333333333,0.3333333333333333,0.3333333333333333,0.3333333333333333
75,71,8,3,21,7,6,1,1,1,1,0,1,0,0,1,0,0.6666666666666666,0.0,0.3333333333333333,0.3333333333333333,0.0,0.6666666666666666
76,74,8,9,8,19,19,1,1,1,1,0,1,0,0,1,0,0.5,0.0,0.5,0.5,0.0,0.5
77,76,8,11,10,15,14,7,2,2,7,1,0,0,0,0,1,0.6666666666666666,0.3333333333333333,0.0,0.0,0.3333333333333333,0.6666666666666666
78,77,8,14,13,13,23,2,2,2,2,0,1,0,0,1,0,0.5,0.0,0.5,0.5,0.0,0.5
79,73,8,6,5,5,4,2,1,1,2,1,0,0,0,0,1,0.0,0.0,1.0,1.0,0.0,0.0
80,90,9,20,20,3,21,0,3,3,0,0,0,1,1,0,0,0.6666666666666666,0.16666666666666666,0.16666666666666666,0.16666666666666666,0.16666666666666666,0.6666666666666666
81,83,9,8,22,12,11,2,1,1,2,1,0,0,0,0,1,0.0,0.6666666666666666,0.3333333333333333,0.3333333333333333,0.6666666666666666,0.0
82,87,9,15,14,2,2,1,2,2,1,0,0,1,1,0,0,0.6666666666666666,0.16666666666666666,0.16666666666666666,0.16666666666666666,0.16666666666666666,0.6666666666666666
83,82,9,7,6,1,1,2,5,5,2,0,0,1,1,0,0,0.6666666666666666,0.16666666666666666,0.16666666666666666,0.16666666666666666,0.16666666666666666,0.6666666666666666
84,81,9,5,4,18,18,4,2,2,4,1,0,0,0,0,1,0.16666666666666666,0.3333333333333333,0.5,0.5,0.3333333333333333,0.16666666666666666
85,89,9,17,17,10,9,4,1,1,4,1,0,0,0,0,1,0.3333333333333333,0.5,0.16666666666666666,0.16666666666666666,0.5,0.3333333333333333
86,84,9,11,10,4,3,3,0,0,3,1,0,0,0,0,1,0.5,0.3333333333333333,0.16666666666666666,0.16666666666666666,0.3333333333333333,0.5
87,86,9,14,13,19,19,1,0,0,1,1,0,0,0,0,1,0.3333333333333333,0.3333333333333333,0.3333333333333333,0.3333333333333333,0.3333333333333333,0.3333333333333333
88,88,9,16,16,9,8,1,2,2,1,0,0,1,1,0,0,0.3333333333333333,0.3333333333333333,0.3333333333333333,0.3333333333333333,0.3333333333333333,0.3333333333333333
89,85,9,13,23,6,5,1,0,0,1,1,0,0,0,0,1,0.8333333333333334,0.16666666666666666,0.0,0.0,0.16666666666666666,0.8333333333333334
90,95,10,6,5,20,20,2,2,2,2,0,1,0,0,1,0,0.3333333333333333,0.3333333333333333,0.3333333333333333,0.3333333333333333,0.3333333333333333,0.3333333333333333
91,97,10,10,9,8,22,3,0,0,3,1,0,0,0,0,1,0.5,0.5,0.0,0.0,0.5,0.5
92,92,10,2,2,5,4,0,1,1,0,0,0,1,1,0,0,0.3333333333333333,0.16666666666666666,0.5,0.5,0.16666666666666666,0.3333333333333333
93,91,10,1,1,16,16,2,1,1,2,1,0,0,0,0,1,0.6666666666666666,0.16666666666666666,0.16666666666666666,0.16666666666666666,0.16666666666666666,0.6666666666666666
94,99,10,18,18,15,14,0,1,1,0,0,0,1,1,0,0,0.5,0.3333333333333333,0.16666666666666666,0.16666666666666666,0.3333333333333333,0.5
95,94,10,4,3,13,23,1,0,0,1,1,0,0,0,0,1,0.16666666666666666,0.5,0.3333333333333333,0.3333333333333333,0.5,0.16666666666666666
96,96,10,9,8,7,6,2,0,0,2,1,0,0,0,0,1,0.16666666666666666,0.3333333333333333,0.5,0.5,0.3333333333333333,0.16666666666666666
97,100,10,19,19,11,10,2,3,3,2,0,0,1,1,0,0,0.0,0.5,0.5,0.5,0.5,0.0
98,93,10,3,21,14,13,1,1,1,1,0,1,0,0,1,0,0.5,0.3333333333333333,0.16666666666666666,0.16666666666666666,0.3333333333333333,0.5
99,98,10,12,11,17,17,1,0,0,1,1,0,0,0,0,1,0.5,0.0,0.5,0.5,0.0,0.5
100,109,11,20,20,10,9,1,4,4,1,0,0,1,1,0,0,0.3333333333333333,0.16666666666666666,0.5,0.5,0.16666666666666666,0.3333333333333333
101,103,11,8,22,19,19,1,0,0,1,1,0,0,0,0,1,0.5,0.3333333333333333,0.16666666666666666,0.16666666666666666,0.3333333333333333,0.5
102,104,11,13,23,2,2,0,1,1,0,0,0,1,1,0,0,0.6666666666666666,0.16666666666666666,0.16666666666666666,0.16666666666666666,0.16666666666666666,0.6666666666666666
103,110,11,11,10,1,1,3,1,1,3,1,0,0,0,0,1,0.6666666666666666,0.16666666666666666,0.16666666666666666,0.16666666666666666,0.16666666666666666,0.6666666666666666
104,102,11,7,6,18,18,3,2,2,3,1,0,0,0,0,1,0.3333333333333333,0.16666666666666666,0.5,0.5,0.16666666666666666,0.3333333333333333
105,105,11,14,13,4,3,0,1,1,0,0,0,1,1,0,0,0.3333333333333333,0.5,0.16666666666666666,0.16666666666666666,0.5,0.3333333333333333
106,106,11,15,14,9,8,2,2,2,2,0,1,0,0,1,0,0.16666666666666666,0.3333333333333333,0.5,0.5,0.3333333333333333,0.16666666666666666
107,107,11,16,16,3,21,0,1,1,0,0,0,1,1,0,0,0.5,0.0,0.5,0.5,0.0,0.5
108,108,11,17,17,6,5,1,0,0,1,1,0,0,0,0,1,0.8333333333333334,0.16666666666666666,0.0,0.0,0.16666666666666666,0.8333333333333334
109,101,11,5,4,12,11,1,0,0,1,1,0,0,0,0,1,0.3333333333333333,0.3333333333333333,0.3333333333333333,0.3333333333333333,0.3333333333333333,0.3333333333333333
110,119,12,18,18,20,20,2,0,0,2,1,0,0,0,0,1,0.16666666666666666,0.5,0.3333333333333333,0.3333333333333333,0.5,0.16666666666666666
111,112,12,2,2,8,22,4,0,0,4,1,0,0,0,0,1,0.5,0.3333333333333333,0.16666666666666666,0.16666666666666666,0.3333333333333333,0.5
112,111,12,1,1,17,17,2,0,0,2,1,0,0,0,0,1,0.6666666666666666,0.0,0.3333333333333333,0.3333333333333333,0.0,0.6666666666666666
113,117,12,10,9,14,13,3,0,0,3,1,0,0,0,0,1,0.3333333333333333,0.5,0.16666666666666666,0.16666666666666666,0.5,0.3333333333333333
114,114,12,4,3,16,16,2,0,0,2,1,0,0,0,0,1,0.5,0.3333333333333333,0.16666666666666666,0.16666666666666666,0.3333333333333333,0.5
115,115,12,6,5,7,6,2,2,2,2,0,1,0,0,1,0,0.3333333333333333,0.3333333333333333,0.3333333333333333,0.3333333333333333,0.3333333333333333,0.3333333333333333
116,120,12,19,19,5,4,0,4,4,0,0,0,1,1,0,0,0.16666666666666666,0.3333333333333333,0.5,0.5,0.3333333333333333,0.16666666666666666
117,116,12,9,8,11,10,0,2,2,0,0,0,1,1,0,0,0.16666666666666666,0.16666666666666666,0.6666666666666666,0.6666666666666666,0.16666666666666666,0.16666666666666666
118,118,12,12,11,13,23,4,1,1,4,1,0,0,0,0,1,0.8333333333333334,0.16666666666666666,0.0,0.0,0.16666666666666666,0.8333333333333334
119,113,12,3,21,15,14,2,2,2,2,0,1,0,0,1,0,0.5,0.3333333333333333,0.16666666666666666,0.16666666666666666,0.3333333333333333,0.5
120,129,13,20,20,9,8,1,1,1,1,0,1,0,0,1,0,0.16666666666666666,0.3333333333333333,0.5,0.5,0.3333333333333333,0.16666666666666666
121,122,13,8,22,11,10,1,2,2,1,0,0,1,1,0,0,0.3333333333333333,0.0,0.6666666666666666,0.6666666666666666,0.0,0.3333333333333333
122,127,13,16,16,2,2,0,0,0,0,0,1,0,0,1,0,0.3333333333333333,0.0,0.6666666666666666,0.6666666666666666,0.0,0.3333333333333333
123,130,13,4,3,1,1,0,1,1,0,0,0,1,1,0,0,0.6666666666666666,0.16666666666666666,0.16666666666666666,0.16666666666666666,0.16666666666666666,0.6666666666666666
124,125,13,13,23,18,18,0,3,3,0,0,0,1,1,0,0,0.5,0.3333333333333333,0.16666666666666666,0.16666666666666666,0.3333333333333333,0.5
125,123,13,10,9,5,4,1,1,1,1,0,1,0,0,1,0,0.5,0.16666666666666666,0.3333333333333333,0.3333333333333333,0.16666666666666666,0.5
126,126,13,14,13,7,6,4,1,1,4,1,0,0,0,0,1,0.3333333333333333,0.5,0.16666666666666666,0.16666666666666666,0.5,0.3333333333333333
127,128,13,17,17,19,19,1,1,1,1,0,1,0,0,1,0,0.8333333333333334,0.16666666666666666,0.0,0.0,0.16666666666666666,0.8333333333333334
128,124,13,12,11,3,21,1,0,0,1,1,0,0,0,0,1,0.6666666666666666,0.0,0.3333333333333333,0.3333333333333333,0.0,0.6666666666666666
129,121,13,6,5,15,14,2,1,1,2,1,0,0,0,0,1,0.3333333333333333,0.5,0.16666666666666666,0.16666666666666666,0.5,0.3333333333333333
130,138,14,7,6,20,20,4,0,0,4,1,0,0,0,0,1,0.5,0.3333333333333333,0.16666666666666666,0.16666666666666666,0.3333333333333333,0.5
131,135,14,1,1,8,22,5,0,0,5,1,0,0,0,0,1,1.0,0.0,0.0,0.0,0.0,1.0
132,136,14,2,2,4,3,1,2,2,1,0,0,1,1,0,0,0.3333333333333333,0.3333333333333333,0.3333333333333333,0.3333333333333333,0.3333333333333333,0.3333333333333333
133,133,14,18,18,12,11,2,4,4,2,0,0,1,1,0,0,0.6666666666666666,0.16666666666666666,0.16666666666666666,0.16666666666666666,0.16666666666666666,0.6666666666666666
134,140,14,15,14,10,9,0,3,3,0,0,0,1,1,0,0,0.3333333333333333,0.3333333333333333,0.3333333333333333,0.3333333333333333,0.3333333333333333,0.3333333333333333
135,134,14,19,19,13,23,2,2,2,2,0,1,0,0,1,0,0.3333333333333333,0.3333333333333333,0.3333333333333333,0.3333333333333333,0.3333333333333333,0.3333333333333333
136,132,14,9,8,17,17,2,1,1,2,1,0,0,0,0,1,0.5,0.16666666666666666,0.3333333333333333,0.3333333333333333,0.16666666666666666,0.5
137,139,14,11,10,14,13,2,1,1,2,1,0,0,0,0,1,0.8333333333333334,0.16666666666666666,0.0,0.0,0.16666666666666666,0.8333333333333334
138,137,14,5,4,16,16,1,0,0,1,1,0,0,0,0,1,0.8333333333333334,0.0,0.16666666666666666,0.16666666666666666,0.0,0.8333333333333334
139,131,14,3,21,6,5,0,0,0,0,0,1,0,0,1,0,0.5,0.5,0.0,0.0,0.5,0.5
140,147,15,11,10,20,20,2,1,1,2,1,0,0,0,0,1,0.8333333333333334,0.16666666666666666,0.0,0.0,0.16666666666666666,0.8333333333333334
141,145,15,7,6,8,22,2,0,0,2,1,0,0,0,0,1,0.8333333333333334,0.0,0.16666666666666666,0.16666666666666666,0.0,0.8333333333333334
142,142,15,2,2,14,13,1,1,1,1,0,1,0,0,1,0,0.5,0.16666666666666666,0.3333333333333333,0.3333333333333333,0.16666666666666666,0.5
143,141,15,1,1,12,11,1,3,3,1,0,0,1,1,0,0,0.8333333333333334,0.0,0.16666666666666666,0.16666666666666666,0.0,0.8333333333333334
144,149,15,18,18,17,17,1,1,1,1,0,1,0,0,1,0,0.6666666666666666,0.0,0.3333333333333333,0.3333333333333333,0.0,0.6666666666666666
145,143,15,3,21,10,9,1,5,5,1,0,0,1,1,0,0,0.16666666666666666,0.5,0.3333333333333333,0.3333333333333333,0.5,0.16666666666666666
146,146,15,9,8,4,3,1,0,0,1,1,0,0,0,0,1,0.5,0.0,0.5,0.5,0.0,0.5
147,150,15,19,19,6,5,0,0,0,0,0,1,0,0,1,0,0.3333333333333333,0.3333333333333333,0.3333333333333333,0.3333333333333333,0.3333333333333333,0.3333333333333333
148,144,15,5,4,13,23,3,1,1,3,1,0,0,0,0,1,0.8333333333333334,0.16666666666666666,0.0,0.0,0.16666666666666666,0.8333333333333334
149,148,15,15,14,16,16,2,1,1,2,1,0,0,0,0,1,0.5,0.16666666666666666,0.3333333333333333,0.3333333333333333,0.16666666666666666,0.5
150,159,16,20,20,5,4,1,0,0,1,1,0,0,0,0,1,0.0,0.3333333333333333,0.6666666666666666,0.6666666666666666,0.3333333333333333,0.0
151,153,16,8,22,3,21,2,0,0,2,1,0,0,0,0,1,0.5,0.0,0.5,0.5,0.0,0.5
152,152,16,6,5,2,2,2,2,2,2,0,1,0,0,1,0,0.16666666666666666,0.5,0.3333333333333333,0.3333333333333333,0.5,0.16666666666666666
153,160,16,14,13,1,1,1,1,1,1,0,1,0,0,1,0,0.5,0.0,0.5,0.5,0.0,0.5
154,151,16,4,3,18,18,1,0,0,1,1,0,0,0,0,1,0.6666666666666666,0.0,0.3333333333333333,0.3333333333333333,0.0,0.6666666666666666
155,154,16,10,9,7,6,1,1,1,1,0,1,0,0,1,0,0.6666666666666666,0.3333333333333333,0.0,0.0,0.3333333333333333,0.6666666666666666
156,157,16,16,16,19,19,1,0,0,1,1,0,0,0,0,1,0.3333333333333333,0.3333333333333333,0.3333333333333333,0.3333333333333333,0.3333333333333333,0.3333333333333333
157,156,16,13,23,9,8,2,3,3,2,0,0,1,1,0,0,0.16666666666666666,0.3333333333333333,0.5,0.5,0.3333333333333333,0.16666666666666666
158,155,16,12,11,11,10,1,2,2,1,0,0,1,1,0,0,0.5,0.0,0.5,0.5,0.0,0.5
159,158,16,17,17,15,14,5,1,1,5,1,0,0,0,0,1,0.5,0.3333333333333333,0.16666666666666666,0.16666666666666666,0.3333333333333333,0.5
160,170,17,20,20,1,1,0,0,0,0,0,1,0,0,1,0,0.3333333333333333,0.3333333333333333,0.3333333333333333,0.3333333333333333,0.3333333333333333,0.3333333333333333
161,163,17,8,22,5,4,1,3,3,1,0,0,1,1,0,0,0.5,0.16666666666666666,0.3333333333333333,0.3333333333333333,0.16666666666666666,0.5
162,164,17,12,11,2,2,1,0,0,1,1,0,0,0,0,1,0.3333333333333333,0.3333333333333333,0.3333333333333333,0.3333333333333333,0.3333333333333333,0.3333333333333333
163,162,17,6,5,18,18,2,1,1,2,1,0,0,0,0,1,0.5,0.3333333333333333,0.16666666666666666,0.16666666666666666,0.3333333333333333,0.5
164,166,17,10,9,19,19,0,0,0,0,0,1,0,0,1,0,0.5,0.5,0.0,0.0,0.5,0.5
165,161,17,4,3,15,14,1,0,0,1,1,0,0,0,0,1,0.6666666666666666,0.16666666666666666,0.16666666666666666,0.16666666666666666,0.16666666666666666,0.6666666666666666
166,167,17,13,23,7,6,0,1,1,0,0,0,1,1,0,0,0.16666666666666666,0.3333333333333333,0.5,0.5,0.3333333333333333,0.16666666666666666
167,168,17,14,13,9,8,1,4,4,1,0,0,1,1,0,0,0.16666666666666666,0.5,0.3333333333333333,0.3333333333333333,0.5,0.16666666666666666
168,165,17,16,16,11,10,0,4,4,0,0,0,1,1,0,0,0.16666666666666666,0.16666666666666666,0.6666666666666666,0.6666666666666666,0.16666666666666666,0.16666666666666666
169,169,17,17,17,3,21,2,0,0,2,1,0,0,0,0,1,0.6666666666666666,0.16666666666666666,0.16666666666666666,0.16666666666666666,0.16666666666666666,0.6666666666666666
170,178,18,15,14,20,20,0,3,3,0,0,0,1,1,0,0,0.6666666666666666,0.16666666666666666,0.16666666666666666,0.16666666666666666,0.16666666666666666,0.6666666666666666
171,179,18,18,18,8,22,1,4,4,1,0,0,1,1,0,0,0.6666666666666666,0.16666666666666666,0.16666666666666666,0.16666666666666666,0.16666666666666666,0.6666666666666666
172,172,18,2,2,10,9,0,4,4,0,0,0,1,1,0,0,0.16666666666666666,0.16666666666666666,0.6666666666666666,0.6666666666666666,0.16666666666666666,0.16666666666666666
173,171,18,1,1,13,23,1,0,0,1,1,0,0,0,0,1,0.6666666666666666,0.16666666666666666,0.16666666666666666,0.16666666666666666,0.16666666666666666,0.6666666666666666
174,176,18,9,8,6,5,0,3,3,0,0,0,1,1,0,0,0.5,0.3333333333333333,0.16666666666666666,0.16666666666666666,0.3333333333333333,0.5
175,173,18,3,21,4,3,0,0,0,0,0,1,0,0,1,0,0.16666666666666666,0.3333333333333333,0.5,0.5,0.3333333333333333,0.16666666666666666
176,175,18,7,6,16,16,3,1,1,3,1,0,0,0,0,1,1.0,0.0,0.0,0.0,0.0,1.0
177,180,18,19,19,12,11,1,2,2,1,0,0,1,1,0,0,0.16666666666666666,0.3333333333333333,0.5,0.5,0.3333333333333333,0.16666666666666666
178,177,18,11,10,17,17,4,1,1,4,1,0,0,0,0,1,0.8333333333333334,0.16666666666666666,0.0,0.0,0.16666666666666666,0.8333333333333334
179,174,18,5,4,14,13,1,0,0,1,1,0,0,0,0,1,0.8333333333333334,0.16666666666666666,0.0,0.0,0.16666666666666666,0.8333333333333334
180,190,19,20,20,13,23,2,3,3,2,0,0,1,1,0,0,0.5,0.5,0.0,0.0,0.5,0.5
181,187,19,14,13,8,22,1,1,1,1,0,1,0,0,1,0,0.5,0.16666666666666666,0.3333333333333333,0.3333333333333333,0.16666666666666666,0.5
182,186,19,11,10,2,2,4,0,0,4,1,0,0,0,0,1,0.6666666666666666,0.3333333333333333,0.0,0.0,0.3333333333333333,0.6666666666666666
183,181,19,1,1,10,9,3,3,3,3,0,1,0,0,1,0,0.3333333333333333,0.0,0.6666666666666666,0.6666666666666666,0.0,0.3333333333333333
184,189,19,16,16,6,5,1,1,1,1,0,1,0,0,1,0,0.16666666666666666,0.5,0.3333333333333333,0.3333333333333333,0.5,0.16666666666666666
185,182,19,3,21,18,18,1,0,0,1,1,0,0,0,0,1,0.3333333333333333,0.3333333333333333,0.3333333333333333,0.3333333333333333,0.3333333333333333,0.3333333333333333
186,183,19,4,3,17,17,0,3,3,0,0,0,1,1,0,0,0.6666666666666666,0.16666666666666666,0.16666666666666666,0.16666666666666666,0.16666666666666666,0.6666666666666666
187,184,19,7,6,5,4,0,0,0,0,0,1,0,0,1,0,0.6666666666666666,0.16666666666666666,0.16666666666666666,0.16666666666666666,0.16666666666666666,0.6666666666666666
188,188,19,15,14,19,19,3,1,1,3,1,0,0,0,0,1,0.3333333333333333,0.3333333333333333,0.3333333333333333,0.3333333333333333,0.3333333333333333,0.3333333333333333
189,185,19,9,8,12,11,2,2,2,2,0,1,0,0,1,0,0.3333333333333333,0.0,0.6666666666666666,0.6666666666666666,0.0,0.3333333333333333
190,191,20,2,2,20,20,3,3,3,3,0,1,0,0,1,0,0.3333333333333333,0.16666666666666666,0.5,0.5,0.16666666666666666,0.3333333333333333
191,194,20,8,22,15,14,1,1,1,1,0,1,0,0,1,0,0.6666666666666666,0.0,0.3333333333333333,0.3333333333333333,0.0,0.6666666666666666
192,193,20,6,5,1,1,2,3,3,2,0,0,1,1,0,0,0.3333333333333333,0.5,0.16666666666666666,0.16666666666666666,0.5,0.3333333333333333
193,199,20,18,18,9,8,2,1,1,2,1,0,0,0,0,1,0.0,0.3333333333333333,0.6666666666666666,0.6666666666666666,0.3333333333333333,0.0
194,195,20,10,9,16,16,5,0,0,5,1,0,0,0,0,1,0.5,0.5,0.0,0.0,0.5,0.5
195,196,20,12,11,4,3,2,2,2,2,0,1,0,0,1,0,0.5,0.16666666666666666,0.3333333333333333,0.3333333333333333,0.16666666666666666,0.5
196,200,20,19,19,7,6,0,0,0,0,0,1,0,0,1,0,0.16666666666666666,0.5,0.3333333333333333,0.3333333333333333,0.5,0.16666666666666666
197,197,20,13,23,11,10,0,1,1,0,0,0,1,1,0,0,0.0,0.0,1.0,1.0,0.0,0.0
198,198,20,17,17,14,13,5,2,2,5,1,0,0,0,0,1,0.6666666666666666,0.3333333333333333,0.0,0.0,0.3333333333333333,0.6666666666666666
199,192,20,5,4,3,21,2,0,0,2,1,0,0,0,0,1,1.0,0.0,0.0,0.0,0.0,1.0
200,204,21,8,22,4,3,0,0,0,0,0,1,0,0,1,0,0.3333333333333333,0.5,0.16666666666666666,0.16666666666666666,0.5,0.3333333333333333
201,201,21,2,2,7,6,2,1,1,2,1,0,0,0,0,1,0.0,0.6666666666666666,0.3333333333333333,0.3333333333333333,0.6666666666666666,0.0
202,210,21,19,19,1,1,1,1,1,1,0,1,0,0,1,0,0.0,0.6666666666666666,0.3333333333333333,0.3333333333333333,0.6666666666666666,0.0
203,203,21,6,5,11,10,0,0,0,0,0,1,0,0,1,0,0.16666666666666666,0.16666666666666666,0.6666666666666666,0.6666666666666666,0.16666666666666666,0.16666666666666666
204,209,21,18,18,16,16,1,2,2,1,0,0,1,1,0,0,0.6666666666666666,0.16666666666666666,0.16666666666666666,0.16666666666666666,0.16666666666666666,0.6666666666666666
205,205,21,10,9,9,8,2,1,1,2,1,0,0,0,0,1,0.3333333333333333,0.3333333333333333,0.3333333333333333,0.3333333333333333,0.3333333333333333,0.3333333333333333
206,207,21,13,23,3,21,0,0,0,0,0,1,0,0,1,0,0.5,0.0,0.5,0.5,0.0,0.5
207,206,21,12,11,14,13,0,0,0,0,0,1,0,0,1,0,0.5,0.3333333333333333,0.16666666666666666,0.16666666666666666,0.3333333333333333,0.5
208,202,21,5,4,15,14,5,0,0,5,1,0,0,0,0,1,0.8333333333333334,0.16666666666666666,0.0,0.0,0.16666666666666666,0.8333333333333334
209,220,22,20,20,19,19,2,1,1,2,1,0,0,0,0,1,0.5,0.5,0.0,0.0,0.5,0.5
210,208,22,17,17,20,20,1,1,1,1,0,1,0,0,1,0,0.6666666666666666,0.16666666666666666,0.16666666666666666,0.16666666666666666,0.16666666666666666,0.6666666666666666
211,215,22,9,8,8,22,3,0,0,3,1,0,0,0,0,1,0.3333333333333333,0.3333333333333333,0.3333333333333333,0.3333333333333333,0.3333333333333333,0.3333333333333333
212,212,22,3,21,2,2,2,2,2,2,0,1,0,0,1,0,0.5,0.3333333333333333,0.16666666666666666,0.16666666666666666,0.3333333333333333,0.5
213,211,22,1,1,5,4,2,2,2,2,0,1,0,0,1,0,0.3333333333333333,0.3333333333333333,0.3333333333333333,0.3333333333333333,0.3333333333333333,0.3333333333333333
214,217,22,14,13,6,5,1,2,2,1,0,0,1,1,0,0,0.0,0.6666666666666666,0.3333333333333333,0.3333333333333333,0.6666666666666666,0.0
215,216,22,11,10,18,18,3,1,1,3,1,0,0,0,0,1,1.0,0.0,0.0,0.0,0.0,1.0
216,213,22,4,3,10,9,1,2,2,1,0,0,1,1,0,0,0.3333333333333333,0.16666666666666666,0.5,0.5,0.16666666666666666,0.3333333333333333
217,214,22,7,6,12,11,0,2,2,0,0,0,1,1,0,0,0.3333333333333333,0.3333333333333333,0.3333333333333333,0.3333333333333333,0.3333333333333333,0.3333333333333333
218,218,22,15,14,13,23,0,1,1,0,0,0,1,1,0,0,0.6666666666666666,0.0,0.3333333333333333,0.3333333333333333,0.0,0.6666666666666666
219,219,22,16,16,17,17,0,2,2,0,0,0,1,1,0,0,0.5,0.3333333333333333,0.16666666666666666,0.16666666666666666,0.3333333333333333,0.5
220,224,23,8,22,20,20,1,4,4,1,0,0,1,1,0,0,0.0,0.6666666666666666,0.3333333333333333,0.3333333333333333,0.6666666666666666,0.0
221,221,23,2,2,1,1,2,1,1,2,1,0,0,0,0,1,0.16666666666666666,0.5,0.3333333333333333,0.3333333333333333,0.5,0.16666666666666666
222,223,23,6,5,4,3,1,0,0,1,1,0,0,0,0,1,0.16666666666666666,0.6666666666666666,0.16666666666666666,0.16666666666666666,0.6666666666666666,0.16666666666666666
223,229,23,18,18,14,13,2,2,2,2,0,1,0,0,1,0,0.5,0.16666666666666666,0.3333333333333333,0.3333333333333333,0.16666666666666666,0.5
224,225,23,10,9,11,10,4,3,3,4,1,0,0,0,0,1,0.3333333333333333,0.3333333333333333,0.3333333333333333,0.3333333333333333,0.3333333333333333,0.3333333333333333
225,228,23,17,17,7,6,4,0,0,4,1,0,0,0,0,1,0.5,0.3333333333333333,0.16666666666666666,0.16666666666666666,0.3333333333333333,0.5
226,222,23,5,4,9,8,0,0,0,0,0,1,0,0,1,0,0.8333333333333334,0.0,0.16666666666666666,0.16666666666666666,0.0,0.8333333333333334
227,230,23,19,19,3,21,2,0,0,2,1,0,0,0,0,1,0.3333333333333333,0.5,0.16666666666666666,0.16666666666666666,0.5,0.3333333333333333
228,227,23,13,23,16,16,1,1,1,1,0,1,0,0,1,0,0.3333333333333333,0.16666666666666666,0.5,0.5,0.16666666666666666,0.3333333333333333
229,226,23,12,11,15,14,3,0,0,3,1,0,0,0,0,1,0.5,0.5,0.0,0.0,0.5,0.5
230,240,24,20,20,2,2,1,1,1,1,0,1,0,0,1,0,0.5,0.3333333333333333,0.16666666666666666,0.16666666666666666,0.3333333333333333,0.5
231,238,24,15,14,8,22,2,0,0,2,1,0,0,0,0,1,0.3333333333333333,0.16666666666666666,0.5,0.5,0.16666666666666666,0.3333333333333333
232,231,24,1,1,6,5,4,1,1,4,1,0,0,0,0,1,0.16666666666666666,0.5,0.3333333333333333,0.3333333333333333,0.5,0.16666666666666666
233,235,24,9,8,18,18,2,0,0,2,1,0,0,0,0,1,0.6666666666666666,0.16666666666666666,0.16666666666666666,0.16666666666666666,0.16666666666666666,0.6666666666666666
234,239,24,16,16,10,9,1,0,0,1,1,0,0,0,0,1,0.0,0.3333333333333333,0.6666666666666666,0.6666666666666666,0.3333333333333333,0.0
235,233,24,4,3,12,11,0,1,1,0,0,0,1,1,0,0,0.16666666666666666,0.16666666666666666,0.6666666666666666,0.6666666666666666,0.16666666666666666,0.16666666666666666
236,234,24,7,6,19,19,1,1,1,1,0,1,0,0,1,0,0.5,0.3333333333333333,0.16666666666666666,0.16666666666666666,0.3333333333333333,0.5
237,236,24,11,10,13,23,3,1,1,3,1,0,0,0,0,1,0.6666666666666666,0.0,0.3333333333333333,0.3333333333333333,0.0,0.6666666666666666
238,237,24,14,13,17,17,1,1,1,1,0,1,0,0,1,0,0.16666666666666666,0.16666666666666666,0.6666666666666666,0.6666666666666666,0.16666666666666666,0.16666666666666666
239,232,24,3,21,5,4,0,4,4,0,0,0,1,1,0,0,0.16666666666666666,0.6666666666666666,0.16666666666666666,0.16666666666666666,0.6666666666666666,0.16666666666666666
240,243,25,20,20,6,5,1,1,1,1,0,1,0,0,1,0,0.3333333333333333,0.3333333333333333,0.3333333333333333,0.3333333333333333,0.3333333333333333,0.3333333333333333
241,247,25,13,23,4,3,1,1,1,1,0,1,0,0,1,0,0.16666666666666666,0.6666666666666666,0.16666666666666666,0.16666666666666666,0.6666666666666666,0.16666666666666666
242,241,25,8,22,10,9,0,3,3,0,0,0,1,1,0,0,0.16666666666666666,0.5,0.3333333333333333,0.3333333333333333,0.5,0.16666666666666666
243,244,25,5,4,2,2,0,3,3,0,0,0,1,1,0,0,0.5,0.5,0.0,0.0,0.5,0.5
244,242,25,16,16,1,1,3,1,1,3,1,0,0,0,0,1,0.3333333333333333,0.3333333333333333,0.3333333333333333,0.3333333333333333,0.3333333333333333,0.3333333333333333
245,249,25,15,14,18,18,0,0,0,0,0,1,0,0,1,0,0.8333333333333334,0.0,0.16666666666666666,0.16666666666666666,0.0,0.8333333333333334
246,245,25,7,6,9,8,2,1,1,2,1,0,0,0,0,1,0.3333333333333333,0.5,0.16666666666666666,0.16666666666666666,0.5,0.3333333333333333
247,246,25,11,10,19,19,3,0,0,3,1,0,0,0,0,1,0.8333333333333334,0.16666666666666666,0.0,0.0,0.16666666666666666,0.8333333333333334
248,250,25,17,17,12,11,2,0,0,2,1,0,0,0,0,1,0.3333333333333333,0.3333333333333333,0.3333333333333333,0.3333333333333333,0.3333333333333333,0.3333333333333333
249,248,25,14,13,3,21,1,1,1,1,0,1,0,0,1,0,0.3333333333333333,0.5,0.16666666666666666,0.16666666666666666,0.5,0.3333333333333333
250,253,26,3,21,20,20,3,1,1,3,1,0,0,0,0,1,0.16666666666666666,0.5,0.3333333333333333,0.3333333333333333,0.5,0.16666666666666666
251,254,26,4,3,11,10,1,1,1,1,0,1,0,0,1,0,0.16666666666666666,0.16666666666666666,0.6666666666666666,0.6666666666666666,0.16666666666666666,0.16666666666666666
252,258,26,12,11,8,22,2,0,0,2,1,0,0,0,0,1,0.5,0.5,0.0,0.0,0.5,0.5
253,252,26,2,2,15,14,2,1,1,2,1,0,0,0,0,1,0.6666666666666666,0.3333333333333333,0.0,0.0,0.3333333333333333,0.6666666666666666
254,251,26,1,1,7,6,5,1,1,5,1,0,0,0,0,1,0.5,0.5,0.0,0.0,0.5,0.5
255,255,26,6,5,13,23,1,1,1,1,0,1,0,0,1,0,0.3333333333333333,0.16666666666666666,0.5,0.5,0.16666666666666666,0.3333333333333333
256,259,26,18,18,5,4,4,1,1,4,1,0,0,0,0,1,0.16666666666666666,0.5,0.3333333333333333,0.3333333333333333,0.5,0.16666666666666666
257,257,26,10,9,17,17,2,2,2,2,0,1,0,0,1,0,0.5,0.16666666666666666,0.3333333333333333,0.3333333333333333,0.16666666666666666,0.5
258,256,26,9,8,16,16,1,1,1,1,0,1,0,0,1,0,0.5,0.3333333333333333,0.16666666666666666,0.16666666666666666,0.3333333333333333,0.5
259,260,26,19,19,14,13,2,3,3,2,0,0,1,1,0,0,0.3333333333333333,0.6666666666666666,0.0,0.0,0.6666666666666666,0.3333333333333333
260,270,27,20,20,18,18,2,0,0,2,1,0,0,0,0,1,0.5,0.5,0.0,0.0,0.5,0.5
261,268,27,16,16,4,3,1,0,0,1,1,0,0,0,0,1,0.5,0.3333333333333333,0.16666666666666666,0.16666666666666666,0.3333333333333333,0.5
262,263,27,8,22,2,2,4,1,1,4,1,0,0,0,0,1,0.0,0.5,0.5,0.5,0.5,0.0
263,269,27,17,17,1,1,1,0,0,1,1,0,0,0,0,1,0.6666666666666666,0.3333333333333333,0.0,0.0,0.3333333333333333,0.6666666666666666
264,262,27,7,6,6,5,3,1,1,3,1,0,0,0,0,1,0.3333333333333333,0.3333333333333333,0.3333333333333333,0.3333333333333333,0.3333333333333333,0.3333333333333333
265,266,27,14,13,10,9,0,2,2,0,0,0,1,1,0,0,0.16666666666666666,0.3333333333333333,0.5,0.5,0.3333333333333333,0.16666666666666666
266,264,27,11,10,9,8,5,1,1,5,1,0,0,0,0,1,0.8333333333333334,0.16666666666666666,0.0,0.0,0.16666666666666666,0.8333333333333334
267,261,27,5,4,19,19,3,0,0,3,1,0,0,0,0,1,0.5,0.3333333333333333,0.16666666666666666,0.16666666666666666,0.3333333333333333,0.5
268,265,27,13,23,12,11,1,0,0,1,1,0,0,0,0,1,0.16666666666666666,0.5,0.3333333333333333,0.3333333333333333,0.5,0.16666666666666666
269,267,27,15,14,3,21,1,1,1,1,0,1,0,0,1,0,0.3333333333333333,0.5,0.16666666666666666,0.16666666666666666,0.5,0.3333333333333333
270,277,28,10,9,20,20,4,1,1,4,1,0,0,0,0,1,0.5,0.3333333333333333,0.16666666666666666,0.16666666666666666,0.3333333333333333,0.5
271,274,28,4,3,14,13,1,1,1,1,0,1,0,0,1,0,0.0,0.5,0.5,0.5,0.5,0.0
272,280,28,19,19,8,22,1,2,2,1,0,0,1,1,0,0,0.6666666666666666,0.16666666666666666,0.16666666666666666,0.16666666666666666,0.16666666666666666,0.6666666666666666
273,272,28,2,2,13,23,2,2,2,2,0,1,0,0,1,0,0.6666666666666666,0.16666666666666666,0.16666666666666666,0.16666666666666666,0.16666666666666666,0.6666666666666666
274,271,28,1,1,11,10,0,3,3,0,0,0,1,1,0,0,0.5,0.5,0.0,0.0,0.5,0.5
275,275,28,6,5,17,17,0,1,1,0,0,0,1,1,0,0,0.16666666666666666,0.6666666666666666,0.16666666666666666,0.16666666666666666,0.6666666666666666,0.16666666666666666
276,279,28,18,18,7,6,1,0,0,1,1,0,0,0,0,1,0.6666666666666666,0.16666666666666666,0.16666666666666666,0.16666666666666666,0.16666666666666666,0.6666666666666666
277,276,28,9,8,15,14,1,1,1,1,0,1,0,0,1,0,0.8333333333333334,0.16666666666666666,0.0,0.0,0.16666666666666666,0.8333333333333334
278,278,28,12,11,5,4,2,1,1,2,1,0,0,0,0,1,0.5,0.3333333333333333,0.16666666666666666,0.16666666666666666,0.3333333333333333,0.5
279,273,28,3,21,16,16,4,1,1,4,1,0,0,0,0,1,0.16666666666666666,0.5,0.3333333333333333,0.3333333333333333,0.5,0.16666666666666666
280,288,29,16,16,20,20,4,1,1,4,1,0,0,0,0,1,0.8333333333333334,0.0,0.16666666666666666,0.16666666666666666,0.0,0.8333333333333334
281,282,29,4,3,7,6,2,1,1,2,1,0,0,0,0,1,0.5,0.3333333333333333,0.16666666666666666,0.16666666666666666,0.3333333333333333,0.5
282,289,29,17,17,8,22,2,0,0,2,1,0,0,0,0,1,0.8333333333333334,0.0,0.16666666666666666,0.16666666666666666,0.0,0.8333333333333334
283,284,29,9,8,2,2,1,1,1,1,0,1,0,0,1,0,0.3333333333333333,0.5,0.16666666666666666,0.16666666666666666,0.5,0.3333333333333333
284,281,29,3,21,1,1,2,1,1,2,1,0,0,0,0,1,0.8333333333333334,0.0,0.16666666666666666,0.16666666666666666,0.0,0.8333333333333334
285,283,29,6,5,12,11,2,3,3,2,0,0,1,1,0,0,0.5,0.16666666666666666,0.3333333333333333,0.3333333333333333,0.16666666666666666,0.5
286,290,29,18,18,19,19,1,0,0,1,1,0,0,0,0,1,0.6666666666666666,0.3333333333333333,0.0,0.0,0.3333333333333333,0.6666666666666666
287,285,29,10,9,13,23,2,0,0,2,1,0,0,0,0,1,0.5,0.5,0.0,0.0,0.5,0.5
288,286,29,11,10,5,4,1,0,0,1,1,0,0,0,0,1,0.8333333333333334,0.0,0.16666666666666666,0.16666666666666666,0.0,0.8333333333333334
289,287,29,14,13,15,14,0,0,0,0,0,1,0,0,1,0,0.3333333333333333,0.5,0.16666666666666666,0.16666666666666666,0.5,0.3333333333333333
290,300,30,20,20,4,3,0,3,3,0,0,0,1,1,0,0,0.5,0.5,0.0,0.0,0.5,0.5
291,295,30,8,22,16,16,0,0,0,0,0,1,0,0,1,0,0.3333333333333333,0.3333333333333333,0.3333333333333333,0.3333333333333333,0.3333333333333333,0.3333333333333333
292,292,30,2,2,17,17,1,4,4,1,0,0,1,1,0,0,0.3333333333333333,0.5,0.16666666666666666,0.16666666666666666,0.5,0.3333333333333333
293,291,30,1,1,18,18,3,0,0,3,1,0,0,0,0,1,0.6666666666666666,0.16666666666666666,0.16666666666666666,0.16666666666666666,0.16666666666666666,0.6666666666666666
294,293,30,5,4,6,5,2,1,1,2,1,0,0,0,0,1,0.5,0.3333333333333333,0.16666666666666666,0.16666666666666666,0.3333333333333333,0.5
295,296,30,12,11,10,9,2,1,1,2,1,0,0,0,0,1,0.6666666666666666,0.0,0.3333333333333333,0.3333333333333333,0.0,0.6666666666666666
296,294,30,7,6,3,21,2,0,0,2,1,0,0,0,0,1,0.5,0.5,0.0,0.0,0.5,0.5
297,299,30,19,19,9,8,1,4,4,1,0,0,1,1,0,0,0.5,0.16666666666666666,0.3333333333333333,0.3333333333333333,0.16666666666666666,0.5
298,298,30,15,14,11,10,0,2,2,0,0,0,1,1,0,0,0.3333333333333333,0.5,0.16666666666666666,0.16666666666666666,0.5,0.3333333333333333
299,297,30,13,23,14,13,3,0,0,3,1,0,0,0,0,1,0.16666666666666666,0.6666666666666666,0.16666666666666666,0.16666666666666666,0.6666666666666666,0.16666666666666666
300,303,31,8,22,6,5,0,2,2,0,0,0,1,1,0,0,0.5,0.3333333333333333,0.16666666666666666,0.16666666666666666,0.3333333333333333,0.5
301,301,31,2,2,19,19,2,1,1,2,1,0,0,0,0,1,0.6666666666666666,0.16666666666666666,0.16666666666666666,0.16666666666666666,0.16666666666666666,0.6666666666666666
302,305,31,10,9,18,18,5,0,0,5,1,0,0,0,0,1,0.6666666666666666,0.3333333333333333,0.0,0.0,0.3333333333333333,0.6666666666666666
303,307,31,15,14,7,6,1,2,2,1,0,0,1,1,0,0,0.5,0.3333333333333333,0.16666666666666666,0.16666666666666666,0.3333333333333333,0.5
304,320,32,20,20,14,13,3,0,0,3,1,0,0,0,0,1,0.3333333333333333,0.3333333333333333,0.3333333333333333,0.3333333333333333,0.3333333333333333,0.3333333333333333
305,319,32,19,19,4,3,1,2,2,1,0,0,1,1,0,0,0.16666666666666666,0.16666666666666666,0.6666666666666666,0.6666666666666666,0.16666666666666666,0.16666666666666666
306,317,32,13,23,8,22,1,0,0,1,1,0,0,0,0,1,0.6666666666666666,0.16666666666666666,0.16666666666666666,0.16666666666666666,0.16666666666666666,0.6666666666666666
307,318,32,18,18,2,2,2,2,2,2,0,1,0,0,1,0,0.6666666666666666,0.16666666666666666,0.16666666666666666,0.16666666666666666,0.16666666666666666,0.6666666666666666
308,311,32,1,1,15,14,3,0,0,3,1,0,0,0,0,1,0.5,0.3333333333333333,0.16666666666666666,0.16666666666666666,0.3333333333333333,0.5
309,314,32,6,5,10,9,1,2,2,1,0,0,1,1,0,0,0.16666666666666666,0.16666666666666666,0.6666666666666666,0.6666666666666666,0.16666666666666666,0.16666666666666666
310,315,32,7,6,11,10,1,3,3,1,0,0,1,1,0,0,0.5,0.16666666666666666,0.3333333333333333,0.3333333333333333,0.16666666666666666,0.5
311,312,32,3,21,9,8,0,2,2,0,0,0,1,1,0,0,0.8333333333333334,0.0,0.16666666666666666,0.16666666666666666,0.0,0.8333333333333334
312,316,32,12,11,16,16,2,0,0,2,1,0,0,0,0,1,0.6666666666666666,0.3333333333333333,0.0,0.0,0.3333333333333333,0.6666666666666666
313,313,32,5,4,17,17,1,3,3,1,0,0,1,1,0,0,0.3333333333333333,0.16666666666666666,0.5,0.5,0.16666666666666666,0.3333333333333333
314,324,33,5,4,20,20,1,1,1,1,0,1,0,0,1,0,0.8333333333333334,0.0,0.16666666666666666,0.16666666666666666,0.0,0.8333333333333334
315,329,33,18,18,4,3,1,2,2,1,0,0,1,1,0,0,0.5,0.16666666666666666,0.3333333333333333,0.3333333333333333,0.16666666666666666,0.5
316,323,33,3,21,8,22,1,1,1,1,0,1,0,0,1,0,0.6666666666666666,0.0,0.3333333333333333,0.3333333333333333,0.0,0.6666666666666666
317,322,33,2,2,6,5,2,2,2,2,0,1,0,0,1,0,0.5,0.16666666666666666,0.3333333333333333,0.3333333333333333,0.16666666666666666,0.5
318,321,33,1,1,14,13,3,2,2,3,1,0,0,0,0,1,0.6666666666666666,0.16666666666666666,0.16666666666666666,0.16666666666666666,0.16666666666666666,0.6666666666666666
319,325,33,7,6,10,9,0,0,0,0,0,1,0,0,1,0,0.5,0.0,0.5,0.5,0.0,0.5
320,326,33,9,8,13,23,1,2,2,1,0,0,1,1,0,0,0.16666666666666666,0.8333333333333334,0.0,0.0,0.8333333333333334,0.16666666666666666
321,330,33,19,19,16,16,1,1,1,1,0,1,0,0,1,0,0.3333333333333333,0.16666666666666666,0.5,0.5,0.16666666666666666,0.3333333333333333
322,327,33,11,10,12,11,2,3,3,2,0,0,1,1,0,0,0.8333333333333334,0.0,0.16666666666666666,0.16666666666666666,0.0,0.8333333333333334
323,328,33,15,14,17,17,1,2,2,1,0,0,1,1,0,0,0.0,0.16666666666666666,0.8333333333333334,0.8333333333333334,0.16666666666666666,0.0
324,340,34,20,20,15,14,1,1,1,1,0,1,0,0,1,0,0.5,0.3333333333333333,0.16666666666666666,0.16666666666666666,0.3333333333333333,0.5
325,331,34,4,3,9,8,2,1,1,2,1,0,0,0,0,1,0.3333333333333333,0.3333333333333333,0.3333333333333333,0.3333333333333333,0.3333333333333333,0.3333333333333333
326,302,34,4,3,5,4,1,2,2,1,0,0,1,1,0,0,0.6666666666666666,0.3333333333333333,0.0,0.0,0.3333333333333333,0.6666666666666666
327,333,34,8,22,18,18,1,0,0,1,1,0,0,0,0,1,0.6666666666666666,0.16666666666666666,0.16666666666666666,0.16666666666666666,0.16666666666666666,0.6666666666666666
328,334,34,10,9,2,2,3,0,0,3,1,0,0,0,0,1,0.6666666666666666,0.3333333333333333,0.0,0.0,0.3333333333333333,0.6666666666666666
329,342,34,2,2,12,11,0,2,2,0,0,0,1,1,0,0,0.5,0.16666666666666666,0.3333333333333333,0.3333333333333333,0.16666666666666666,0.5
330,336,34,13,23,1,1,2,1,1,2,1,0,0,0,0,1,1.0,0.0,0.0,0.0,0.0,1.0
331,332,34,6,5,3,21,3,2,2,3,1,0,0,0,0,1,0.16666666666666666,0.3333333333333333,0.5,0.5,0.3333333333333333,0.16666666666666666
332,338,34,16,16,7,6,1,1,1,1,0,1,0,0,1,0,0.8333333333333334,0.0,0.16666666666666666,0.16666666666666666,0.0,0.8333333333333334
333,346,34,9,8,14,13,0,0,0,0,0,1,0,0,1,0,0.3333333333333333,0.6666666666666666,0.0,0.0,0.6666666666666666,0.3333333333333333
334,335,34,12,11,19,19,0,1,1,0,0,0,1,1,0,0,1.0,0.0,0.0,0.0,0.0,1.0
335,339,34,17,17,11,10,1,3,3,1,0,0,1,1,0,0,0.5,0.0,0.5,0.5,0.0,0.5
336,337,34,14,13,5,4,2,3,3,2,0,0,1,1,0,0,0.5,0.3333333333333333,0.16666666666666666,0.16666666666666666,0.3333333333333333,0.5
337,343,34,3,21,17,17,1,1,1,1,0,1,0,0,1,0,0.3333333333333333,0.0,0.6666666666666666,0.6666666666666666,0.0,0.3333333333333333
338,341,35,1,1,20,20,4,1,1,4,1,0,0,0,0,1,0.8333333333333334,0.16666666666666666,0.0,0.0,0.16666666666666666,0.8333333333333334
339,348,35,15,14,4,3,1,1,1,1,0,1,0,0,1,0,0.0,0.0,1.0,1.0,0.0,0.0
340,349,35,18,18,6,5,0,0,0,0,0,1,0,0,1,0,0.3333333333333333,0.3333333333333333,0.3333333333333333,0.3333333333333333,0.3333333333333333,0.3333333333333333
341,350,35,19,19,10,9,2,2,2,2,0,1,0,0,1,0,0.16666666666666666,0.3333333333333333,0.5,0.5,0.3333333333333333,0.16666666666666666
342,345,35,7,6,13,23,1,0,0,1,1,0,0,0,0,1,0.3333333333333333,0.3333333333333333,0.3333333333333333,0.3333333333333333,0.3333333333333333,0.3333333333333333
343,347,35,11,10,16,16,5,0,0,5,1,0,0,0,0,1,0.5,0.3333333333333333,0.16666666666666666,0.16666666666666666,0.3333333333333333,0.5
344,360,36,20,20,11,10,1,4,4,1,0,0,1,1,0,0,0.16666666666666666,0.16666666666666666,0.6666666666666666,0.6666666666666666,0.16666666666666666,0.16666666666666666
345,351,36,4,3,3,21,0,0,0,0,0,1,0,0,1,0,0.6666666666666666,0.16666666666666666,0.16666666666666666,0.16666666666666666,0.16666666666666666,0.6666666666666666
346,353,36,8,22,7,6,0,2,2,0,0,0,1,1,0,0,0.3333333333333333,0.3333333333333333,0.3333333333333333,0.3333333333333333,0.3333333333333333,0.3333333333333333
347,357,36,14,13,2,2,2,1,1,2,1,0,0,0,0,1,0.16666666666666666,0.5,0.3333333333333333,0.3333333333333333,0.5,0.16666666666666666
348,355,36,12,11,1,1,2,1,1,2,1,0,0,0,0,1,0.8333333333333334,0.0,0.16666666666666666,0.16666666666666666,0.0,0.8333333333333334
349,352,36,6,5,9,8,5,0,0,5,1,0,0,0,0,1,0.3333333333333333,0.0,0.6666666666666666,0.6666666666666666,0.0,0.3333333333333333
350,359,36,17,17,18,18,2,0,0,2,1,0,0,0,0,1,0.8333333333333334,0.0,0.16666666666666666,0.16666666666666666,0.0,0.8333333333333334
351,354,36,10,9,15,14,0,0,0,0,0,1,0,0,1,0,0.6666666666666666,0.3333333333333333,0.0,0.0,0.3333333333333333,0.6666666666666666
352,356,36,13,23,19,19,0,1,1,0,0,0,1,1,0,0,0.8333333333333334,0.0,0.16666666666666666,0.16666666666666666,0.0,0.8333333333333334
353,358,36,16,16,5,4,0,1,1,0,0,0,1,1,0,0,0.5,0.16666666666666666,0.3333333333333333,0.3333333333333333,0.16666666666666666,0.5
354,366,37,9,8,20,20,0,2,2,0,0,0,1,1,0,0,0.3333333333333333,0.5,0.16666666666666666,0.16666666666666666,0.5,0.3333333333333333
355,310,37,20,20,12,11,0,0,0,0,0,1,0,0,1,0,0.16666666666666666,0.16666666666666666,0.6666666666666666,0.6666666666666666,0.16666666666666666,0.16666666666666666
356,361,37,1,1,4,3,5,0,0,5,1,0,0,0,0,1,0.5,0.16666666666666666,0.3333333333333333,0.3333333333333333,0.16666666666666666,0.5
357,367,37,11,10,8,22,0,0,0,0,0,1,0,0,1,0,0.6666666666666666,0.16666666666666666,0.16666666666666666,0.16666666666666666,0.16666666666666666,0.6666666666666666
358,344,37,5,4,8,22,1,1,1,1,0,1,0,0,1,0,0.5,0.3333333333333333,0.16666666666666666,0.16666666666666666,0.3333333333333333,0.5
359,362,37,2,2,16,16,1,0,0,1,1,0,0,0,0,1,0.3333333333333333,0.5,0.16666666666666666,0.16666666666666666,0.5,0.3333333333333333
360,304,37,9,8,1,1,3,1,1,3,1,0,0,0,0,1,0.5,0.3333333333333333,0.16666666666666666,0.16666666666666666,0.3333333333333333,0.5
361,368,37,15,14,6,5,1,2,2,1,0,0,1,1,0,0,0.0,0.5,0.5,0.5,0.5,0.0
362,369,37,18,18,13,23,2,1,1,2,1,0,0,0,0,1,0.3333333333333333,0.3333333333333333,0.3333333333333333,0.3333333333333333,0.3333333333333333,0.3333333333333333
363,364,37,5,4,10,9,1,0,0,1,1,0,0,0,0,1,0.16666666666666666,0.5,0.3333333333333333,0.3333333333333333,0.5,0.16666666666666666
364,365,37,7,6,14,13,1,1,1,1,0,1,0,0,1,0,0.5,0.3333333333333333,0.16666666666666666,0.16666666666666666,0.3333333333333333,0.5
365,370,37,19,19,17,17,1,0,0,1,1,0,0,0,0,1,0.0,0.3333333333333333,0.6666666666666666,0.6666666666666666,0.3333333333333333,0.0
366,306,37,11,10,3,21,3,1,1,3,1,0,0,0,0,1,0.6666666666666666,0.16666666666666666,0.16666666666666666,0.16666666666666666,0.16666666666666666,0.6666666666666666
367,309,37,17,17,13,23,1,0,0,1,1,0,0,0,0,1,0.6666666666666666,0.0,0.3333333333333333,0.3333333333333333,0.0,0.6666666666666666
368,363,37,3,21,12,11,1,0,0,1,1,0,0,0,0,1,0.16666666666666666,0.16666666666666666,0.6666666666666666,0.6666666666666666,0.16666666666666666,0.16666666666666666
369,308,37,16,16,14,13,0,1,1,0,0,0,1,1,0,0,0.5,0.3333333333333333,0.16666666666666666,0.16666666666666666,0.3333333333333333,0.5
370,380,38,20,20,7,6,3,1,1,3,1,0,0,0,0,1,0.0,0.5,0.5,0.5,0.5,0.0
371,371,38,4,3,2,2,1,2,2,1,0,0,1,1,0,0,0.5,0.3333333333333333,0.16666666666666666,0.16666666666666666,0.3333333333333333,0.5
372,373,38,8,22,1,1,0,1,1,0,0,0,1,1,0,0,0.6666666666666666,0.0,0.3333333333333333,0.3333333333333333,0.0,0.6666666666666666
373,372,38,6,5,19,19,2,0,0,2,1,0,0,0,0,1,0.5,0.0,0.5,0.5,0.0,0.5
374,375,38,12,11,18,18,1,0,0,1,1,0,0,0,0,1,0.8333333333333334,0.0,0.16666666666666666,0.16666666666666666,0.0,0.8333333333333334
375,374,38,10,9,3,21,4,0,0,4,1,0,0,0,0,1,0.6666666666666666,0.3333333333333333,0.0,0.0,0.3333333333333333,0.6666666666666666
376,379,38,17,17,9,8,5,4,4,5,1,0,0,0,0,1,0.6666666666666666,0.0,0.3333333333333333,0.3333333333333333,0.0,0.6666666666666666
377,377,38,14,13,11,10,0,1,1,0,0,0,1,1,0,0,0.16666666666666666,0.16666666666666666,0.6666666666666666,0.6666666666666666,0.16666666666666666,0.16666666666666666
378,376,38,13,23,5,4,3,0,0,3,1,0,0,0,0,1,0.3333333333333333,0.0,0.6666666666666666,0.6666666666666666,0.0,0.3333333333333333
379,378,38,16,16,15,14,1,2,2,1,0,0,1,1,0,0,0.16666666666666666,0.5,0.3333333333333333,0.3333333333333333,0.5,0.16666666666666666
