,round,team_home,uniqueid_home,team_away,uniqueid_away,home_odds_win_10,home_odds_draw_10,home_odds_loss_10,away_odds_win_10,away_odds_draw_10,away_odds_loss_10
0,1,12,11,20,20,0.3333333333333333,0.3333333333333333,0.3333333333333333,0.3333333333333333,0.3333333333333333,0.3333333333333333
1,1,4,3,5,4,0.0,0.0,0.0,0.0,0.0,0.0
2,1,6,5,8,22,0.3333333333333333,0.3333333333333333,0.3333333333333333,0.3333333333333333,0.3333333333333333,0.3333333333333333
3,1,1,1,9,8,0.3333333333333333,0.3333333333333333,0.3333333333333333,0.3333333333333333,0.3333333333333333,0.3333333333333333
4,1,18,18,10,9,0.3333333333333333,0.3333333333333333,0.3333333333333333,0.3333333333333333,0.3333333333333333,0.3333333333333333
5,1,19,19,2,2,0.3333333333333333,0.3333333333333333,0.3333333333333333,0.3333333333333333,0.3333333333333333,0.3333333333333333
6,1,3,21,11,10,0.3333333333333333,0.3333333333333333,0.3333333333333333,0.3333333333333333,0.3333333333333333,0.3333333333333333
7,1,13,23,17,17,0.3333333333333333,0.3333333333333333,0.3333333333333333,0.3333333333333333,0.3333333333333333,0.3333333333333333
8,1,14,13,16,16,0.3333333333333333,0.3333333333333333,0.3333333333333333,0.3333333333333333,0.3333333333333333,0.3333333333333333
9,1,5,4,4,3,0.3333333333333333,0.3333333333333333,0.3333333333333333,0.3333333333333333,0.3333333333333333,0.3333333333333333
10,2,14,13,20,20,0.5,0.5,0.0,0.0,0.5,0.5
11,2,19,19,4,3,0.0,0.0,0.0,0.0,0.0,0.0
12,2,8,22,13,23,0.3333333333333333,0.3333333333333333,0.3333333333333333,0.3333333333333333,0.3333333333333333,0.3333333333333333
13,2,15,14,1,1,0.3333333333333333,0.3333333333333333,0.3333333333333333,0.3333333333333333,0.3333333333333333,0.3333333333333333
14,2,2,2,18,18,0.3333333333333333,0.3333333333333333,0.3333333333333333,0.3333333333333333,0.3333333333333333,0.3333333333333333
15,2,10,9,6,5,0.3333333333333333,0.3333333333333333,0.3333333333333333,0.3333333333333333,0.3333333333333333,0.3333333333333333
16,2,4,3,19,19,0.3333333333333333,0.3333333333333333,0.3333333333333333,0.3333333333333333,0.3333333333333333,0.3333333333333333
17,2,9,8,3,21,0.3333333333333333,0.3333333333333333,0.3333333333333333,0.3333333333333333,0.3333333333333333,0.3333333333333333
18,2,16,16,12,11,0.3333333333333333,0.3333333333333333,0.3333333333333333,0.3333333333333333,0.3333333333333333,0.3333333333333333
19,2,17,17,5,4,0.3333333333333333,0.3333333333333333,0.3333333333333333,0.3333333333333333,0.3333333333333333,0.3333333333333333
20,3,13,23,20,20,0.6666666666666666,0.0,0.3333333333333333,0.3333333333333333,0.0,0.6666666666666666
21,3,17,17,4,3,0.0,0.0,1.0,1.0,0.0,0.0
22,3,8,22,14,13,1.0,0.0,0.0,0.0,0.0,1.0
23,3,10,9,1,1,1.0,0.0,0.0,0.0,0.0,1.0
24,3,18,18,3,21,0.5,0.5,0.0,0.0,0.5,0.5
25,3,2,2,11,10,0.0,0.0,1.0,1.0,0.0,0.0
26,3,19,19,15,14,1.0,0.0,0.0,0.0,0.0,1.0
27,3,12,11,9,8,1.0,0.0,0.0,0.0,0.0,1.0
28,3,6,5,16,16,0.0,0.5,0.5,0.5,0.5,0.0
29,3,17,17,4,3,0.0,0.0,1.0,1.0,0.0,0.0
30,4,20,20,8,22,0.0,0.0,1.0,1.0,0.0,0.0
31,4,4,3,6,5,0.5,0.0,0.5,0.5,0.0,0.5
32,4,1,1,2,2,1.0,0.0,0.0,0.0,0.0,1.0
33,4,14,13,18,18,0.3333333333333333,0.3333333333333333,0.3333333333333333,0.3333333333333333,0.3333333333333333,0.3333333333333333
34,4,11,10,10,9,0.0,1.0,0.0,0.0,1.0,0.0
35,4,3,21,19,19,0.0,0.0,1.0,1.0,0.0,0.0
36,4,9,8,5,4,0.5,0.0,0.5,0.5,0.0,0.5
37,4,16,16,13,23,0.5,0.0,0.5,0.5,0.0,0.5
38,4,15,14,12,11,0.5,0.0,0.5,0.5,0.0,0.5
39,4,4,3,6,5,0.5,0.0,0.5,0.5,0.0,0.5
40,5,19,19,20,20,0.8,0.2,0.0,0.0,0.2,0.8
41,5,10,9,4,3,0.5,0.25,0.25,0.25,0.25,0.5
42,5,8,22,9,8,0.75,0.25,0.0,0.0,0.25,0.75
43,5,5,4,1,1,0.75,0.0,0.25,0.25,0.0,0.75
44,5,18,18,11,10,0.0,0.5,0.5,0.5,0.5,0.0
45,5,2,2,3,21,0.25,0.25,0.5,0.5,0.25,0.25
46,5,10,9,4,3,0.5,0.25,0.25,0.25,0.25,0.5
47,5,13,23,15,14,0.5,0.25,0.25,0.25,0.25,0.5
48,5,6,5,14,13,0.0,0.3333333333333333,0.6666666666666666,0.6666666666666666,0.3333333333333333,0.0
49,5,17,17,16,16,0.0,0.5,0.5,0.5,0.5,0.0
50,6,20,20,17,17,0.3333333333333333,0.0,0.6666666666666666,0.6666666666666666,0.0,0.3333333333333333
51,6,4,3,8,22,0.5,0.0,0.5,0.5,0.0,0.5
52,6,4,3,8,22,0.5,0.0,0.5,0.5,0.0,0.5
53,6,1,1,19,19,0.75,0.0,0.25,0.25,0.0,0.75
54,6,16,16,18,18,0.0,0.0,1.0,1.0,0.0,0.0
55,6,9,8,10,9,0.5,0.25,0.25,0.25,0.25,0.5
56,6,11,10,6,5,0.75,0.25,0.0,0.0,0.25,0.75
57,6,3,21,13,23,0.5,0.0,0.5,0.5,0.0,0.5
58,6,14,13,12,11,0.2,0.4,0.4,0.4,0.4,0.2
59,6,15,14,5,4,0.25,0.25,0.5,0.5,0.25,0.25
60,7,20,20,16,16,0.2,0.4,0.4,0.4,0.4,0.2
61,7,4,3,7,6,0.5,0.3333333333333333,0.16666666666666666,0.16666666666666666,0.3333333333333333,0.5
62,7,8,22,17,17,0.16666666666666666,0.3333333333333333,0.5,0.5,0.3333333333333333,0.16666666666666666
63,7,2,2,9,8,0.5,0.16666666666666666,0.3333333333333333,0.3333333333333333,0.16666666666666666,0.5
64,7,1,1,3,21,0.8333333333333334,0.16666666666666666,0.0,0.0,0.16666666666666666,0.8333333333333334
65,7,19,19,18,18,0.16666666666666666,0.3333333333333333,0.5,0.5,0.3333333333333333,0.16666666666666666
66,7,13,23,10,9,0.5,0.16666666666666666,0.3333333333333333,0.3333333333333333,0.16666666666666666,0.5
67,7,5,4,11,10,0.16666666666666666,0.16666666666666666,0.6666666666666666,0.6666666666666666,0.16666666666666666,0.16666666666666666
68,7,15,14,14,13,0.2,0.4,0.4,0.4,0.4,0.2
69,7,12,11,6,5,1.0,0.0,0.0,0.0,0.0,1.0
70,8,4,3,20,20,0.5,0.25,0.25,0.25,0.25,0.5
71,8,20,20,4,3,0.0,0.0,0.0,0.0,0.0,0.0
72,8,16,16,8,22,0.16666666666666666,0.16666666666666666,0.6666666666666666,0.6666666666666666,0.16666666666666666,0.16666666666666666
73,8,17,17,2,2,0.5,0.3333333333333333,0.16666666666666666,0.16666666666666666,0.3333333333333333,0.5
74,8,18,18,1,1,0.3333333333333333,0.5,0.16666666666666666,0.16666666666666666,0.5,0.3333333333333333
75,8,10,9,12,11,0.3333333333333333,0.3333333333333333,0.3333333333333333,0.3333333333333333,0.3333333333333333,0.3333333333333333
76,8,9,8,19,19,0.5,0.0,0.5,0.5,0.0,0.5
77,8,11,10,15,14,0.6666666666666666,0.3333333333333333,0.0,0.0,0.3333333333333333,0.6666666666666666
78,8,14,13,13,23,0.42857142857142855,0.14285714285714285,0.42857142857142855,0.42857142857142855,0.14285714285714285,0.42857142857142855
79,8,6,5,5,4,0.0,0.0,1.0,1.0,0.0,0.0
80,9,20,20,3,21,0.7142857142857143,0.14285714285714285,0.14285714285714285,0.14285714285714285,0.14285714285714285,0.7142857142857143
81,9,4,3,11,10,0.0,0.0,0.0,0.0,0.0,0.0
82,9,8,22,12,11,0.125,0.5,0.375,0.375,0.5,0.125
83,9,15,14,2,2,0.75,0.125,0.125,0.125,0.125,0.75
84,9,5,4,18,18,0.125,0.25,0.625,0.625,0.25,0.125
85,9,17,17,10,9,0.25,0.5,0.25,0.25,0.5,0.25
86,9,11,10,4,3,0.42857142857142855,0.42857142857142855,0.14285714285714285,0.14285714285714285,0.42857142857142855,0.42857142857142855
87,9,14,13,19,19,0.3333333333333333,0.3333333333333333,0.3333333333333333,0.3333333333333333,0.3333333333333333,0.3333333333333333
88,9,16,16,9,8,0.375,0.25,0.375,0.375,0.25,0.375
89,9,13,23,6,5,0.75,0.125,0.125,0.125,0.125,0.75
90,10,6,5,20,20,0.4444444444444444,0.2222222222222222,0.3333333333333333,0.3333333333333333,0.2222222222222222,0.4444444444444444
91,10,13,23,4,3,0.0,0.0,0.0,0.0,0.0,0.0
92,10,10,9,8,22,0.5,0.375,0.125,0.125,0.375,0.5
93,10,2,2,5,4,0.25,0.125,0.625,0.625,0.125,0.25
94,10,1,1,16,16,0.625,0.25,0.125,0.125,0.25,0.625
95,10,18,18,15,14,0.5,0.375,0.125,0.125,0.375,0.5
96,10,4,3,13,23,0.3333333333333333,0.3333333333333333,0.3333333333333333,0.3333333333333333,0.3333333333333333,0.3333333333333333
97,10,19,19,11,10,0.125,0.375,0.5,0.5,0.375,0.125
98,10,3,21,14,13,0.42857142857142855,0.2857142857142857,0.2857142857142857,0.2857142857142857,0.2857142857142857,0.42857142857142855
99,10,12,11,17,17,0.5,0.0,0.5,0.5,0.0,0.5
100,11,20,20,10,9,0.4444444444444444,0.2222222222222222,0.3333333333333333,0.3333333333333333,0.2222222222222222,0.4444444444444444
101,11,4,3,14,13,0.0,0.0,0.0,0.0,0.0,0.0
102,11,8,22,19,19,0.5,0.3,0.2,0.2,0.3,0.5
103,11,13,23,2,2,0.7,0.1,0.2,0.2,0.1,0.7
104,11,11,10,1,1,0.7,0.2,0.1,0.1,0.2,0.7
105,11,14,13,4,3,0.3,0.4,0.3,0.3,0.4,0.3
106,11,15,14,9,8,0.4,0.3,0.3,0.3,0.3,0.4
107,11,16,16,3,21,0.4,0.1,0.5,0.5,0.1,0.4
108,11,17,17,6,5,0.7,0.2,0.1,0.1,0.2,0.7
109,11,5,4,12,11,0.3,0.3,0.4,0.4,0.3,0.3
110,12,18,18,20,20,0.36363636363636365,0.45454545454545453,0.18181818181818182,0.18181818181818182,0.45454545454545453,0.36363636363636365
111,12,16,16,4,3,0.0,0.0,0.0,0.0,0.0,0.0
112,12,2,2,8,22,0.4,0.2,0.4,0.4,0.2,0.4
113,12,1,1,17,17,0.6,0.0,0.4,0.4,0.0,0.6
114,12,10,9,14,13,0.4444444444444444,0.4444444444444444,0.1111111111111111,0.1111111111111111,0.4444444444444444,0.4444444444444444
115,12,4,3,16,16,0.36363636363636365,0.36363636363636365,0.2727272727272727,0.2727272727272727,0.36363636363636365,0.36363636363636365
116,12,19,19,5,4,0.2,0.3,0.5,0.5,0.3,0.2
117,12,9,8,11,10,0.2,0.1,0.7,0.7,0.1,0.2
118,12,12,11,13,23,0.8,0.1,0.1,0.1,0.1,0.8
119,12,3,21,15,14,0.5,0.3,0.2,0.2,0.3,0.5
120,13,20,20,9,8,0.36363636363636365,0.2727272727272727,0.36363636363636365,0.36363636363636365,0.2727272727272727,0.36363636363636365
121,13,1,1,4,3,0.0,0.0,0.0,0.0,0.0,0.0
122,13,8,22,11,10,0.25,0.16666666666666666,0.5833333333333334,0.5833333333333334,0.16666666666666666,0.25
123,13,16,16,2,2,0.4166666666666667,0.0,0.5833333333333334,0.5833333333333334,0.0,0.4166666666666667
124,13,4,3,1,1,0.5384615384615384,0.23076923076923078,0.23076923076923078,0.23076923076923078,0.23076923076923078,0.5384615384615384
125,13,13,23,18,18,0.4166666666666667,0.16666666666666666,0.4166666666666667,0.4166666666666667,0.16666666666666666,0.4166666666666667
126,13,10,9,5,4,0.4166666666666667,0.16666666666666666,0.4166666666666667,0.4166666666666667,0.16666666666666666,0.4166666666666667
127,13,17,17,19,19,0.5833333333333334,0.25,0.16666666666666666,0.16666666666666666,0.25,0.5833333333333334
128,13,12,11,3,21,0.75,0.08333333333333333,0.16666666666666666,0.16666666666666666,0.08333333333333333,0.75
129,13,6,5,15,14,0.3333333333333333,0.3333333333333333,0.3333333333333333,0.3333333333333333,0.3333333333333333,0.3333333333333333
130,14,7,6,20,20,0.5833333333333334,0.25,0.16666666666666666,0.16666666666666666,0.25,0.5833333333333334
131,14,1,1,8,22,0.8333333333333334,0.08333333333333333,0.08333333333333333,0.08333333333333333,0.08333333333333333,0.8333333333333334
132,14,2,2,4,3,0.2727272727272727,0.2727272727272727,0.45454545454545453,0.45454545454545453,0.2727272727272727,0.2727272727272727
133,14,18,18,12,11,0.3333333333333333,0.3333333333333333,0.3333333333333333,0.3333333333333333,0.3333333333333333,0.3333333333333333
134,14,15,14,10,9,0.3333333333333333,0.3333333333333333,0.3333333333333333,0.3333333333333333,0.3333333333333333,0.3333333333333333
135,14,19,19,13,23,0.4166666666666667,0.3333333333333333,0.25,0.25,0.3333333333333333,0.4166666666666667
136,14,9,8,17,17,0.3333333333333333,0.08333333333333333,0.5833333333333334,0.5833333333333334,0.08333333333333333,0.3333333333333333
137,14,11,10,14,13,0.6363636363636364,0.2727272727272727,0.09090909090909091,0.09090909090909091,0.2727272727272727,0.6363636363636364
138,14,5,4,16,16,0.5,0.25,0.25,0.25,0.25,0.5
139,14,3,21,6,5,0.6666666666666666,0.25,0.08333333333333333,0.08333333333333333,0.25,0.6666666666666666
140,15,11,10,20,20,0.7333333333333333,0.26666666666666666,0.0,0.0,0.26666666666666666,0.7333333333333333
141,15,4,3,9,8,0.0,0.0,0.0,0.0,0.0,0.0
142,15,2,2,14,13,0.38461538461538464,0.23076923076923078,0.38461538461538464,0.38461538461538464,0.23076923076923078,0.38461538461538464
143,15,1,1,12,11,0.6428571428571429,0.14285714285714285,0.21428571428571427,0.21428571428571427,0.14285714285714285,0.6428571428571429
144,15,18,18,17,17,0.35714285714285715,0.14285714285714285,0.5,0.5,0.14285714285714285,0.35714285714285715
145,15,3,21,10,9,0.2857142857142857,0.42857142857142855,0.2857142857142857,0.2857142857142857,0.42857142857142855,0.2857142857142857
146,15,9,8,4,3,0.3076923076923077,0.23076923076923078,0.46153846153846156,0.46153846153846156,0.23076923076923078,0.3076923076923077
147,15,19,19,6,5,0.5,0.35714285714285715,0.14285714285714285,0.14285714285714285,0.35714285714285715,0.5
148,15,5,4,13,23,0.5714285714285714,0.21428571428571427,0.21428571428571427,0.21428571428571427,0.21428571428571427,0.5714285714285714
149,15,15,14,16,16,0.42857142857142855,0.2857142857142857,0.2857142857142857,0.2857142857142857,0.2857142857142857,0.42857142857142855
150,16,20,20,5,4,0.23076923076923078,0.15384615384615385,0.6153846153846154,0.6153846153846154,0.15384615384615385,0.23076923076923078
151,16,18,18,4,3,0.0,0.0,0.0,0.0,0.0,0.0
152,16,8,22,3,21,0.5,0.21428571428571427,0.2857142857142857,0.2857142857142857,0.21428571428571427,0.5
153,16,6,5,2,2,0.42857142857142855,0.21428571428571427,0.35714285714285715,0.35714285714285715,0.21428571428571427,0.42857142857142855
154,16,14,13,1,1,0.4666666666666667,0.2,0.3333333333333333,0.3333333333333333,0.2,0.4666666666666667
155,16,4,3,18,18,0.3333333333333333,0.2,0.4666666666666667,0.4666666666666667,0.2,0.3333333333333333
156,16,16,16,19,19,0.35714285714285715,0.21428571428571427,0.42857142857142855,0.42857142857142855,0.21428571428571427,0.35714285714285715
157,16,13,23,9,8,0.35714285714285715,0.35714285714285715,0.2857142857142857,0.2857142857142857,0.35714285714285715,0.35714285714285715
158,16,12,11,11,10,0.5,0.0,0.5,0.5,0.0,0.5
159,16,17,17,15,14,0.5,0.35714285714285715,0.14285714285714285,0.14285714285714285,0.35714285714285715,0.5
160,17,20,20,1,1,0.4666666666666667,0.2,0.3333333333333333,0.3333333333333333,0.2,0.4666666666666667
161,17,15,14,4,3,0.0,0.0,0.0,0.0,0.0,0.0
162,17,8,22,5,4,0.375,0.1875,0.4375,0.4375,0.1875,0.375
163,17,12,11,2,2,0.6875,0.125,0.1875,0.1875,0.125,0.6875
164,17,6,5,18,18,0.3125,0.25,0.4375,0.4375,0.25,0.3125
165,17,10,9,19,19,0.5625,0.375,0.0625,0.0625,0.375,0.5625
166,17,4,3,15,14,0.5294117647058824,0.23529411764705882,0.23529411764705882,0.23529411764705882,0.23529411764705882,0.5294117647058824
167,17,14,13,9,8,0.29411764705882354,0.4117647058823529,0.29411764705882354,0.29411764705882354,0.4117647058823529,0.29411764705882354
168,17,16,16,11,10,0.125,0.0625,0.8125,0.8125,0.0625,0.125
169,17,17,17,3,21,0.5625,0.25,0.1875,0.1875,0.25,0.5625
170,18,15,14,20,20,0.5294117647058824,0.29411764705882354,0.17647058823529413,0.17647058823529413,0.29411764705882354,0.5294117647058824
171,18,4,3,3,21,0.0,0.0,0.0,0.0,0.0,0.0
172,18,18,18,8,22,0.5,0.25,0.25,0.25,0.25,0.5
173,18,2,2,10,9,0.25,0.25,0.5,0.5,0.25,0.25
174,18,1,1,13,23,0.75,0.125,0.125,0.125,0.125,0.75
175,18,9,8,6,5,0.625,0.1875,0.1875,0.1875,0.1875,0.625
176,18,3,21,4,3,0.26666666666666666,0.4,0.3333333333333333,0.3333333333333333,0.4,0.26666666666666666
177,18,19,19,12,11,0.1875,0.4375,0.375,0.375,0.4375,0.1875
178,18,11,10,17,17,0.625,0.125,0.25,0.25,0.125,0.625
179,18,5,4,14,13,0.5333333333333333,0.26666666666666666,0.2,0.2,0.26666666666666666,0.5333333333333333
180,19,20,20,13,23,0.5294117647058824,0.23529411764705882,0.23529411764705882,0.23529411764705882,0.23529411764705882,0.5294117647058824
181,19,4,3,17,17,0.47368421052631576,0.15789473684210525,0.3684210526315789,0.3684210526315789,0.15789473684210525,0.47368421052631576
182,19,14,13,8,22,0.47368421052631576,0.21052631578947367,0.3157894736842105,0.3157894736842105,0.21052631578947367,0.47368421052631576
183,19,11,10,2,2,0.7222222222222222,0.16666666666666666,0.1111111111111111,0.1111111111111111,0.16666666666666666,0.7222222222222222
184,19,1,1,10,9,0.5555555555555556,0.1111111111111111,0.3333333333333333,0.3333333333333333,0.1111111111111111,0.5555555555555556
185,19,16,16,6,5,0.4444444444444444,0.16666666666666666,0.3888888888888889,0.3888888888888889,0.16666666666666666,0.4444444444444444
186,19,3,21,18,18,0.3333333333333333,0.3333333333333333,0.3333333333333333,0.3333333333333333,0.3333333333333333,0.3333333333333333
187,19,4,3,17,17,0.47368421052631576,0.15789473684210525,0.3684210526315789,0.3684210526315789,0.15789473684210525,0.47368421052631576
188,19,15,14,19,19,0.4444444444444444,0.2777777777777778,0.2777777777777778,0.2777777777777778,0.2777777777777778,0.4444444444444444
189,19,9,8,12,11,0.3333333333333333,0.16666666666666666,0.5,0.5,0.16666666666666666,0.3333333333333333
190,20,2,2,20,20,0.42105263157894735,0.2631578947368421,0.3157894736842105,0.3157894736842105,0.2631578947368421,0.42105263157894735
191,20,12,11,4,3,0.5882352941176471,0.17647058823529413,0.23529411764705882,0.23529411764705882,0.17647058823529413,0.5882352941176471
192,20,8,22,15,14,0.5555555555555556,0.2222222222222222,0.2222222222222222,0.2222222222222222,0.2222222222222222,0.5555555555555556
193,20,6,5,1,1,0.3888888888888889,0.3333333333333333,0.2777777777777778,0.2777777777777778,0.3333333333333333,0.3888888888888889
194,20,18,18,9,8,0.2222222222222222,0.3888888888888889,0.3888888888888889,0.3888888888888889,0.3888888888888889,0.2222222222222222
195,20,10,9,16,16,0.5555555555555556,0.3888888888888889,0.05555555555555555,0.05555555555555555,0.3888888888888889,0.5555555555555556
196,20,12,11,4,3,0.5882352941176471,0.17647058823529413,0.23529411764705882,0.23529411764705882,0.17647058823529413,0.5882352941176471
197,20,13,23,11,10,0.16666666666666666,0.05555555555555555,0.7777777777777778,0.7777777777777778,0.05555555555555555,0.16666666666666666
198,20,17,17,14,13,0.5294117647058824,0.35294117647058826,0.11764705882352941,0.11764705882352941,0.35294117647058826,0.5294117647058824
199,20,5,4,3,21,0.6666666666666666,0.1111111111111111,0.2222222222222222,0.2222222222222222,0.1111111111111111,0.6666666666666666
200,21,8,22,4,3,0.3157894736842105,0.3684210526315789,0.3157894736842105,0.3157894736842105,0.3684210526315789,0.3157894736842105
201,21,8,22,4,3,0.3157894736842105,0.3684210526315789,0.3157894736842105,0.3157894736842105,0.3684210526315789,0.3157894736842105
202,21,19,19,1,1,0.25,0.45,0.3,0.3,0.45,0.25
203,21,6,5,11,10,0.15,0.15,0.7,0.7,0.15,0.15
204,21,18,18,16,16,0.5,0.25,0.25,0.25,0.25,0.5
205,21,10,9,9,8,0.4,0.45,0.15,0.15,0.45,0.4
206,21,13,23,3,21,0.5,0.1,0.4,0.4,0.1,0.5
207,21,12,11,14,13,0.6842105263157895,0.21052631578947367,0.10526315789473684,0.10526315789473684,0.21052631578947367,0.6842105263157895
208,21,5,4,15,14,0.65,0.2,0.15,0.15,0.2,0.65
209,22,20,20,17,17,0.3684210526315789,0.15789473684210525,0.47368421052631576,0.47368421052631576,0.15789473684210525,0.3684210526315789
210,22,17,17,20,20,0.55,0.35,0.1,0.1,0.35,0.55
211,22,4,3,10,9,0.35,0.25,0.4,0.4,0.25,0.35
212,22,9,8,8,22,0.5,0.2,0.3,0.3,0.2,0.5
213,22,3,21,2,2,0.45,0.35,0.2,0.2,0.35,0.45
214,22,1,1,5,4,0.5,0.15,0.35,0.35,0.15,0.5
215,22,14,13,6,5,0.45,0.3,0.25,0.25,0.3,0.45
216,22,11,10,18,18,0.7,0.1,0.2,0.2,0.1,0.7
217,22,4,3,10,9,0.35,0.25,0.4,0.4,0.25,0.35
218,22,15,14,13,23,0.5,0.2,0.3,0.3,0.2,0.5
219,22,16,16,17,17,0.3,0.15,0.55,0.55,0.15,0.3
220,23,8,22,20,20,0.35,0.45,0.2,0.2,0.45,0.35
221,23,6,5,4,3,0.25,0.45,0.3,0.3,0.45,0.25
222,23,2,2,1,1,0.3,0.35,0.35,0.35,0.35,0.3
223,23,6,5,4,3,0.25,0.45,0.3,0.3,0.45,0.25
224,23,18,18,14,13,0.4,0.3,0.3,0.3,0.3,0.4
225,23,10,9,11,10,0.25,0.3,0.45,0.45,0.3,0.25
226,23,5,4,9,8,0.55,0.25,0.2,0.2,0.25,0.55
227,23,19,19,3,21,0.3,0.45,0.25,0.25,0.45,0.3
228,23,13,23,16,16,0.5,0.15,0.35,0.35,0.15,0.5
229,23,12,11,15,14,0.65,0.25,0.1,0.1,0.25,0.65
230,24,20,20,2,2,0.45,0.25,0.3,0.3,0.25,0.45
231,24,4,3,12,11,0.3,0.25,0.45,0.45,0.25,0.3
232,24,15,14,8,22,0.5,0.2,0.3,0.3,0.2,0.5
233,24,1,1,6,5,0.6,0.25,0.15,0.15,0.25,0.6
234,24,9,8,18,18,0.5,0.15,0.35,0.35,0.15,0.5
235,24,16,16,10,9,0.2,0.2,0.6,0.6,0.2,0.2
236,24,4,3,12,11,0.3,0.25,0.45,0.45,0.25,0.3
237,24,11,10,13,23,0.75,0.1,0.15,0.15,0.1,0.75
238,24,14,13,17,17,0.3,0.2,0.5,0.5,0.2,0.3
239,24,3,21,5,4,0.25,0.45,0.3,0.3,0.45,0.25
240,25,20,20,6,5,0.4,0.3,0.3,0.3,0.3,0.4
241,25,13,23,4,3,0.25,0.4,0.35,0.35,0.4,0.25
242,25,8,22,10,9,0.25,0.25,0.5,0.5,0.25,0.25
243,25,5,4,2,2,0.55,0.3,0.15,0.15,0.3,0.55
244,25,16,16,1,1,0.3,0.3,0.4,0.4,0.3,0.3
245,25,15,14,18,18,0.55,0.1,0.35,0.35,0.1,0.55
246,25,7,6,9,8,0.35,0.35,0.3,0.3,0.35,0.35
247,25,11,10,19,19,0.8,0.2,0.0,0.0,0.2,0.8
248,25,17,17,12,11,0.45,0.25,0.3,0.3,0.25,0.45
249,25,14,13,3,21,0.45,0.25,0.3,0.3,0.25,0.45
250,26,3,21,20,20,0.25,0.55,0.2,0.2,0.55,0.25
251,26,4,3,11,10,0.25,0.1,0.65,0.65,0.1,0.25
252,26,12,11,8,22,0.7,0.2,0.1,0.1,0.2,0.7
253,26,2,2,15,14,0.55,0.25,0.2,0.2,0.25,0.55
254,26,1,1,7,6,0.55,0.3,0.15,0.15,0.3,0.55
255,26,6,5,13,23,0.5,0.3,0.2,0.2,0.3,0.5
256,26,18,18,5,4,0.25,0.25,0.5,0.5,0.25,0.25
257,26,10,9,17,17,0.45,0.35,0.2,0.2,0.35,0.45
258,26,9,8,16,16,0.6,0.2,0.2,0.2,0.2,0.6
259,26,19,19,14,13,0.3,0.5,0.2,0.2,0.5,0.3
260,27,20,20,18,18,0.5,0.3,0.2,0.2,0.3,0.5
261,27,16,16,4,3,0.35,0.35,0.3,0.3,0.35,0.35
262,27,8,22,2,2,0.3,0.3,0.4,0.4,0.3,0.3
263,27,17,17,1,1,0.6,0.25,0.15,0.15,0.25,0.6
264,27,7,6,6,5,0.5,0.3,0.2,0.2,0.3,0.5
265,27,14,13,10,9,0.2,0.35,0.45,0.45,0.35,0.2
266,27,11,10,9,8,0.65,0.2,0.15,0.15,0.2,0.65
267,27,5,4,19,19,0.65,0.25,0.1,0.1,0.25,0.65
268,27,13,23,12,11,0.2,0.3,0.5,0.5,0.3,0.2
269,27,15,14,3,21,0.5,0.2,0.3,0.3,0.2,0.5
270,28,10,9,20,20,0.45,0.45,0.1,0.1,0.45,0.45
271,28,4,3,14,13,0.45,0.3,0.25,0.25,0.3,0.45
272,28,19,19,8,22,0.45,0.3,0.25,0.25,0.3,0.45
273,28,2,2,13,23,0.45,0.3,0.25,0.25,0.3,0.45
274,28,1,1,11,10,0.4,0.2,0.4,0.4,0.2,0.4
275,28,6,5,17,17,0.4,0.4,0.2,0.2,0.4,0.4
276,28,18,18,7,6,0.45,0.3,0.25,0.25,0.3,0.45
277,28,9,8,15,14,0.6,0.25,0.15,0.15,0.25,0.6
278,28,12,11,5,4,0.5,0.25,0.25,0.25,0.25,0.5
279,28,3,21,16,16,0.45,0.4,0.15,0.15,0.4,0.45
280,29,16,16,20,20,0.45,0.25,0.3,0.3,0.25,0.45
281,29,4,3,7,6,0.5,0.25,0.25,0.25,0.25,0.5
282,29,17,17,8,22,0.75,0.15,0.1,0.1,0.15,0.75
283,29,9,8,2,2,0.4,0.35,0.25,0.25,0.35,0.4
284,29,3,21,1,1,0.35,0.4,0.25,0.25,0.4,0.35
285,29,6,5,12,11,0.35,0.3,0.35,0.35,0.3,0.35
286,29,18,18,19,19,0.55,0.25,0.2,0.2,0.25,0.55
287,29,10,9,13,23,0.55,0.35,0.1,0.1,0.35,0.55
288,29,11,10,5,4,0.65,0.15,0.2,0.2,0.15,0.65
289,29,14,13,15,14,0.4,0.35,0.25,0.25,0.35,0.4
290,30,20,20,4,3,0.35,0.4,0.25,0.25,0.4,0.35
291,30,8,22,16,16,0.55,0.2,0.25,0.25,0.2,0.55
292,30,2,2,17,17,0.4,0.3,0.3,0.3,0.3,0.4
293,30,1,1,18,18,0.7,0.15,0.15,0.15,0.15,0.7
294,30,5,4,6,5,0.6,0.25,0.15,0.15,0.25,0.6
295,30,12,11,10,9,0.45,0.15,0.4,0.4,0.15,0.45
296,30,7,6,3,21,0.55,0.25,0.2,0.2,0.25,0.55
297,30,19,19,9,8,0.25,0.35,0.4,0.4,0.35,0.25
298,30,15,14,11,10,0.2,0.25,0.55,0.55,0.25,0.2
299,30,13,23,14,13,0.3,0.4,0.3,0.3,0.4,0.3
300,31,8,22,6,5,0.35,0.35,0.3,0.3,0.35,0.35
301,31,2,2,19,19,0.55,0.3,0.15,0.15,0.3,0.55
302,31,10,9,18,18,0.7,0.25,0.05,0.05,0.25,0.7
303,31,15,14,7,6,0.45,0.3,0.25,0.25,0.3,0.45
304,32,20,20,14,13,0.4,0.4,0.2,0.2,0.4,0.4
305,32,19,19,4,3,0.2,0.4,0.4,0.4,0.4,0.2
306,32,13,23,8,22,0.45,0.2,0.35,0.35,0.2,0.45
307,32,18,18,2,2,0.4,0.35,0.25,0.25,0.35,0.4
308,32,1,1,15,14,0.6,0.3,0.1,0.1,0.3,0.6
309,32,6,5,10,9,0.25,0.25,0.5,0.5,0.25,0.25
310,32,7,6,11,10,0.4,0.2,0.4,0.4,0.2,0.4
311,32,3,21,9,8,0.4,0.35,0.25,0.25,0.35,0.4
312,32,12,11,16,16,0.65,0.25,0.1,0.1,0.25,0.65
313,32,5,4,17,17,0.55,0.2,0.25,0.25,0.2,0.55
314,33,5,4,20,20,0.65,0.15,0.2,0.2,0.15,0.65
315,33,18,18,4,3,0.35,0.35,0.3,0.3,0.35,0.35
316,33,3,21,8,22,0.55,0.2,0.25,0.25,0.2,0.55
317,33,2,2,6,5,0.35,0.35,0.3,0.3,0.35,0.35
318,33,1,1,14,13,0.55,0.3,0.15,0.15,0.3,0.55
319,33,7,6,10,9,0.4,0.15,0.45,0.45,0.15,0.4
320,33,9,8,13,23,0.45,0.35,0.2,0.2,0.35,0.45
321,33,19,19,16,16,0.35,0.35,0.3,0.3,0.35,0.35
322,33,11,10,12,11,0.65,0.05,0.3,0.3,0.05,0.65
323,33,15,14,17,17,0.25,0.25,0.5,0.5,0.25,0.25
324,34,20,20,15,14,0.55,0.35,0.1,0.1,0.35,0.55
325,34,4,3,5,4,0.4,0.25,0.35,0.35,0.25,0.4
326,34,4,3,5,4,0.4,0.25,0.35,0.35,0.25,0.4
327,34,8,22,18,18,0.5,0.2,0.3,0.3,0.2,0.5
328,34,10,9,2,2,0.45,0.5,0.05,0.05,0.5,0.45
329,34,2,2,10,9,0.0,0.0,0.0,0.0,0.0,0.0
330,34,13,23,1,1,0.4,0.3,0.3,0.3,0.3,0.4
331,34,6,5,3,21,0.45,0.3,0.25,0.25,0.3,0.45
332,34,16,16,7,6,0.55,0.2,0.25,0.25,0.2,0.55
333,34,9,8,4,3,0.0,0.0,0.0,0.0,0.0,0.0
334,34,12,11,19,19,0.7,0.25,0.05,0.05,0.25,0.7
335,34,17,17,11,10,0.45,0.2,0.35,0.35,0.2,0.45
336,34,14,13,5,4,0.25,0.4,0.35,0.35,0.4,0.25
337,34,3,21,17,17,0.25,0.3,0.45,0.45,0.3,0.25
338,35,1,1,20,20,0.55,0.25,0.2,0.2,0.25,0.55
339,35,15,14,4,3,0.3,0.3,0.4,0.4,0.3,0.3
340,35,18,18,6,5,0.35,0.35,0.3,0.3,0.35,0.35
341,35,19,19,10,9,0.15,0.3,0.55,0.55,0.3,0.15
342,35,7,6,13,23,0.45,0.3,0.25,0.25,0.3,0.45
343,35,11,10,16,16,0.7,0.2,0.1,0.1,0.2,0.7
344,36,20,20,11,10,0.25,0.3,0.45,0.45,0.3,0.25
345,36,4,3,3,21,0.55,0.25,0.2,0.2,0.25,0.55
346,36,8,22,7,6,0.4,0.3,0.3,0.3,0.3,0.4
347,36,14,13,2,2,0.25,0.5,0.25,0.25,0.5,0.25
348,36,12,11,1,1,0.55,0.25,0.2,0.2,0.25,0.55
349,36,6,5,9,8,0.4,0.2,0.4,0.4,0.2,0.4
350,36,17,17,18,18,0.8,0.15,0.05,0.05,0.15,0.8
351,36,10,9,15,14,0.65,0.35,0.0,0.0,0.35,0.65
352,36,13,23,19,19,0.55,0.25,0.2,0.2,0.25,0.55
353,36,16,16,5,4,0.45,0.25,0.3,0.3,0.25,0.45
354,37,9,8,20,20,0.4,0.4,0.2,0.2,0.4,0.4
355,37,20,20,9,8,0.0,0.0,0.0,0.0,0.0,0.0
356,37,1,1,4,3,0.45,0.35,0.2,0.2,0.35,0.45
357,37,5,4,8,22,0.6,0.2,0.2,0.2,0.2,0.6
358,37,5,4,8,22,0.6,0.2,0.2,0.2,0.2,0.6
359,37,2,2,16,16,0.45,0.35,0.2,0.2,0.35,0.45
360,37,4,3,1,1,0.0,0.0,0.0,0.0,0.0,0.0
361,37,15,14,6,5,0.25,0.35,0.4,0.4,0.35,0.25
362,37,18,18,13,23,0.45,0.25,0.3,0.3,0.25,0.45
363,37,5,4,10,9,0.4,0.25,0.35,0.35,0.25,0.4
364,37,7,6,14,13,0.5,0.35,0.15,0.15,0.35,0.5
365,37,19,19,17,17,0.1,0.35,0.55,0.55,0.35,0.1
366,37,11,10,3,21,0.75,0.2,0.05,0.05,0.2,0.75
367,37,17,17,13,23,0.65,0.15,0.2,0.2,0.15,0.65
368,37,3,21,12,11,0.3,0.25,0.45,0.45,0.25,0.3
369,37,7,6,14,13,0.5,0.35,0.15,0.15,0.35,0.5
370,38,20,20,7,6,0.4,0.3,0.3,0.3,0.3,0.4
371,38,4,3,2,2,0.4,0.35,0.25,0.25,0.35,0.4
372,38,8,22,1,1,0.45,0.25,0.3,0.3,0.25,0.45
373,38,6,5,19,19,0.5,0.2,0.3,0.3,0.2,0.5
374,38,12,11,18,18,0.8,0.15,0.05,0.05,0.15,0.8
375,38,10,9,3,21,0.65,0.35,0.0,0.0,0.35,0.65
376,38,17,17,9,8,0.7,0.1,0.2,0.2,0.1,0.7
377,38,14,13,11,10,0.1,0.35,0.55,0.55,0.35,0.1
378,38,13,23,5,4,0.35,0.25,0.4,0.4,0.25,0.35
379,38,16,16,15,14,0.45,0.35,0.2,0.2,0.35,0.45
