,round,team_home,uniqueid_home,team_away,uniqueid_away,home_odds_win_10,home_odds_draw_10,home_odds_loss_10,away_odds_win_10,away_odds_draw_10,away_odds_loss_10
0,1,4,4,20,20,0.3333333333333333,0.3333333333333333,0.3333333333333333,0.3333333333333333,0.3333333333333333,0.3333333333333333
1,1,6,6,17,17,0.3333333333333333,0.3333333333333333,0.3333333333333333,0.3333333333333333,0.3333333333333333,0.3333333333333333
2,1,1,1,9,9,0.3333333333333333,0.3333333333333333,0.3333333333333333,0.3333333333333333,0.3333333333333333,0.3333333333333333
3,1,13,13,18,18,0.3333333333333333,0.3333333333333333,0.3333333333333333,0.3333333333333333,0.3333333333333333,0.3333333333333333
4,1,7,7,8,8,0.3333333333333333,0.3333333333333333,0.3333333333333333,0.3333333333333333,0.3333333333333333,0.3333333333333333
5,1,12,12,14,14,0.3333333333333333,0.3333333333333333,0.3333333333333333,0.3333333333333333,0.3333333333333333,0.3333333333333333
6,1,2,2,11,11,0.3333333333333333,0.3333333333333333,0.3333333333333333,0.3333333333333333,0.3333333333333333,0.3333333333333333
7,1,10,10,15,15,0.3333333333333333,0.3333333333333333,0.3333333333333333,0.3333333333333333,0.3333333333333333,0.3333333333333333
8,1,3,3,16,16,0.3333333333333333,0.3333333333333333,0.3333333333333333,0.3333333333333333,0.3333333333333333,0.3333333333333333
9,1,5,5,19,19,0.3333333333333333,0.3333333333333333,0.3333333333333333,0.3333333333333333,0.3333333333333333,0.3333333333333333
10,2,20,20,2,2,0.3333333333333333,0.3333333333333333,0.3333333333333333,0.3333333333333333,0.3333333333333333,0.3333333333333333
11,2,19,19,6,6,0.3333333333333333,0.3333333333333333,0.3333333333333333,0.3333333333333333,0.3333333333333333,0.3333333333333333
12,2,8,8,1,1,0.3333333333333333,0.3333333333333333,0.3333333333333333,0.3333333333333333,0.3333333333333333,0.3333333333333333
13,2,18,18,4,4,0.3333333333333333,0.3333333333333333,0.3333333333333333,0.3333333333333333,0.3333333333333333,0.3333333333333333
14,2,16,16,7,7,0.3333333333333333,0.3333333333333333,0.3333333333333333,0.3333333333333333,0.3333333333333333,0.3333333333333333
15,2,15,15,12,12,0.3333333333333333,0.3333333333333333,0.3333333333333333,0.3333333333333333,0.3333333333333333,0.3333333333333333
16,2,3,3,9,9,0.0,0.0,1.0,1.0,0.0,0.0
17,2,14,14,10,10,0.3333333333333333,0.3333333333333333,0.3333333333333333,0.3333333333333333,0.3333333333333333,0.3333333333333333
18,2,11,11,13,13,0.3333333333333333,0.3333333333333333,0.3333333333333333,0.3333333333333333,0.3333333333333333,0.3333333333333333
19,2,17,17,5,5,0.3333333333333333,0.3333333333333333,0.3333333333333333,0.3333333333333333,0.3333333333333333,0.3333333333333333
20,3,10,10,20,20,1.0,0.0,0.0,0.0,0.0,1.0
21,3,6,6,14,14,0.0,1.0,0.0,0.0,1.0,0.0
22,3,18,18,1,1,0.0,0.5,0.5,0.5,0.5,0.0
23,3,4,4,3,3,1.0,0.0,0.0,0.0,0.0,1.0
24,3,7,7,11,11,0.5,0.0,0.5,0.5,0.0,0.5
25,3,19,19,12,12,0.0,0.0,1.0,1.0,0.0,0.0
26,3,5,5,2,2,0.5,0.0,0.5,0.5,0.0,0.5
27,3,17,17,9,9,0.6666666666666666,0.0,0.3333333333333333,0.3333333333333333,0.0,0.6666666666666666
28,3,13,13,15,15,0.5,0.5,0.0,0.0,0.5,0.5
29,3,8,8,16,16,0.0,0.5,0.5,0.5,0.5,0.0
30,4,20,20,18,18,0.5,0.5,0.0,0.0,0.5,0.5
31,4,15,15,6,6,0.0,0.0,1.0,1.0,0.0,0.0
32,4,1,1,13,13,0.5,0.0,0.5,0.5,0.0,0.5
33,4,16,16,4,4,0.0,0.0,1.0,1.0,0.0,0.0
34,4,3,3,7,7,0.3333333333333333,0.0,0.6666666666666666,0.6666666666666666,0.0,0.3333333333333333
35,4,12,12,5,5,0.5,0.5,0.0,0.0,0.5,0.5
36,4,2,2,19,19,0.0,0.0,1.0,1.0,0.0,0.0
37,4,9,9,8,8,1.0,0.0,0.0,0.0,0.0,1.0
38,4,11,11,10,10,0.5,0.0,0.5,0.5,0.0,0.5
39,4,14,14,17,17,0.0,0.5,0.5,0.5,0.5,0.0
40,5,19,19,20,20,0.5,0.25,0.25,0.25,0.25,0.5
41,5,6,6,12,12,0.25,0.5,0.25,0.25,0.5,0.25
42,5,7,7,1,1,0.25,0.25,0.5,0.5,0.25,0.25
43,5,18,18,11,11,0.0,0.0,1.0,1.0,0.0,0.0
44,5,4,4,9,9,0.6,0.2,0.2,0.2,0.2,0.6
45,5,10,10,2,2,0.75,0.25,0.0,0.0,0.25,0.75
46,5,17,17,15,15,0.5,0.5,0.0,0.0,0.5,0.5
47,5,8,8,3,3,0.6666666666666666,0.3333333333333333,0.0,0.0,0.3333333333333333,0.6666666666666666
48,5,13,13,16,16,0.25,0.5,0.25,0.25,0.5,0.25
49,5,5,5,14,14,0.25,0.5,0.25,0.25,0.5,0.25
50,6,20,20,13,13,0.75,0.0,0.25,0.25,0.0,0.75
51,6,2,2,6,6,0.25,0.0,0.75,0.75,0.0,0.25
52,6,1,1,4,4,0.25,0.25,0.5,0.5,0.25,0.25
53,6,3,3,18,18,0.2,0.4,0.4,0.4,0.4,0.2
54,6,9,9,7,7,0.3333333333333333,0.3333333333333333,0.3333333333333333,0.3333333333333333,0.3333333333333333,0.3333333333333333
55,6,12,12,17,17,0.0,0.5,0.5,0.5,0.5,0.0
56,6,15,15,5,5,0.25,0.0,0.75,0.75,0.0,0.25
57,6,11,11,8,8,0.75,0.0,0.25,0.25,0.0,0.75
58,6,16,16,10,10,0.0,0.25,0.75,0.75,0.25,0.0
59,6,14,14,19,19,0.25,0.0,0.75,0.75,0.0,0.25
60,7,20,20,12,12,0.3333333333333333,0.16666666666666666,0.5,0.5,0.16666666666666666,0.3333333333333333
61,7,6,6,5,5,0.5,0.16666666666666666,0.3333333333333333,0.3333333333333333,0.16666666666666666,0.5
62,7,3,3,1,1,0.2857142857142857,0.2857142857142857,0.42857142857142855,0.42857142857142855,0.2857142857142857,0.2857142857142857
63,7,18,18,2,2,0.5,0.16666666666666666,0.3333333333333333,0.3333333333333333,0.16666666666666666,0.5
64,7,7,7,4,4,0.3333333333333333,0.16666666666666666,0.5,0.5,0.16666666666666666,0.3333333333333333
65,7,16,16,9,9,0.14285714285714285,0.2857142857142857,0.5714285714285714,0.5714285714285714,0.2857142857142857,0.14285714285714285
66,7,15,15,19,19,0.16666666666666666,0.16666666666666666,0.6666666666666666,0.6666666666666666,0.16666666666666666,0.16666666666666666
67,7,8,8,13,13,0.6666666666666666,0.16666666666666666,0.16666666666666666,0.16666666666666666,0.16666666666666666,0.6666666666666666
68,7,17,17,10,10,0.3333333333333333,0.16666666666666666,0.5,0.5,0.16666666666666666,0.3333333333333333
69,7,11,11,14,14,0.6666666666666666,0.16666666666666666,0.16666666666666666,0.16666666666666666,0.16666666666666666,0.6666666666666666
70,8,5,5,20,20,0.6666666666666666,0.16666666666666666,0.16666666666666666,0.16666666666666666,0.16666666666666666,0.6666666666666666
71,8,10,10,6,6,0.6666666666666666,0.0,0.3333333333333333,0.3333333333333333,0.0,0.6666666666666666
72,8,1,1,16,16,0.6666666666666666,0.0,0.3333333333333333,0.3333333333333333,0.0,0.6666666666666666
73,8,12,12,18,18,0.16666666666666666,0.3333333333333333,0.5,0.5,0.3333333333333333,0.16666666666666666
74,8,4,4,8,8,0.8333333333333334,0.0,0.16666666666666666,0.16666666666666666,0.0,0.8333333333333334
75,8,2,2,7,7,0.5,0.16666666666666666,0.3333333333333333,0.3333333333333333,0.16666666666666666,0.5
76,8,9,9,11,11,0.6,0.0,0.4,0.4,0.0,0.6
77,8,14,14,15,15,0.3333333333333333,0.3333333333333333,0.3333333333333333,0.3333333333333333,0.3333333333333333,0.3333333333333333
78,8,13,13,3,3,0.6,0.4,0.0,0.0,0.4,0.6
79,8,19,19,17,17,0.16666666666666666,0.3333333333333333,0.5,0.5,0.3333333333333333,0.16666666666666666
80,9,20,20,15,15,0.5,0.25,0.25,0.25,0.25,0.5
81,9,3,3,6,6,0.3333333333333333,0.2222222222222222,0.4444444444444444,0.4444444444444444,0.2222222222222222,0.3333333333333333
82,9,1,1,12,12,0.5,0.25,0.25,0.25,0.25,0.5
83,9,16,16,18,18,0.125,0.25,0.625,0.625,0.25,0.125
84,9,4,4,11,11,0.5,0.125,0.375,0.375,0.125,0.5
85,9,7,7,14,14,0.375,0.25,0.375,0.375,0.25,0.375
86,9,2,2,17,17,0.375,0.25,0.375,0.375,0.25,0.375
87,9,9,9,19,19,0.42857142857142855,0.42857142857142855,0.14285714285714285,0.14285714285714285,0.42857142857142855,0.42857142857142855
88,9,8,8,5,5,0.375,0.375,0.25,0.25,0.375,0.375
89,9,10,10,13,13,0.625,0.25,0.125,0.125,0.25,0.625
90,10,6,6,20,20,0.625,0.25,0.125,0.125,0.25,0.625
91,10,15,15,1,1,0.0,0.25,0.75,0.75,0.25,0.0
92,10,18,18,7,7,0.375,0.25,0.375,0.375,0.25,0.375
93,10,13,13,4,4,0.375,0.375,0.25,0.25,0.375,0.375
94,10,12,12,2,2,0.25,0.375,0.375,0.375,0.375,0.25
95,10,5,5,9,9,0.2222222222222222,0.2222222222222222,0.5555555555555556,0.5555555555555556,0.2222222222222222,0.2222222222222222
96,10,17,17,8,8,0.875,0.125,0.0,0.0,0.125,0.875
97,10,11,11,3,3,0.7142857142857143,0.14285714285714285,0.14285714285714285,0.14285714285714285,0.14285714285714285,0.7142857142857143
98,10,19,19,10,10,0.25,0.25,0.5,0.5,0.25,0.25
99,10,14,14,16,16,0.5,0.125,0.375,0.375,0.125,0.5
100,11,20,20,14,14,0.4,0.3,0.3,0.3,0.3,0.4
101,11,4,4,6,6,0.6,0.1,0.3,0.3,0.1,0.6
102,11,1,1,17,17,0.3,0.4,0.3,0.3,0.4,0.3
103,11,9,9,18,18,0.4444444444444444,0.3333333333333333,0.2222222222222222,0.2222222222222222,0.3333333333333333,0.4444444444444444
104,11,7,7,13,13,0.3,0.2,0.5,0.5,0.2,0.3
105,11,10,10,12,12,0.4,0.5,0.1,0.1,0.5,0.4
106,11,2,2,15,15,0.7,0.2,0.1,0.1,0.2,0.7
107,11,8,8,19,19,0.5,0.4,0.1,0.1,0.4,0.5
108,11,3,3,5,5,0.45454545454545453,0.18181818181818182,0.36363636363636365,0.36363636363636365,0.18181818181818182,0.45454545454545453
109,11,16,16,11,11,0.2,0.3,0.5,0.5,0.3,0.2
110,12,17,17,20,20,0.7,0.2,0.1,0.1,0.2,0.7
111,12,6,6,16,16,0.7,0.2,0.1,0.1,0.2,0.7
112,12,11,11,1,1,0.2,0.3,0.5,0.5,0.3,0.2
113,12,18,18,8,8,0.6,0.2,0.2,0.2,0.2,0.6
114,12,12,12,4,4,0.2,0.2,0.6,0.6,0.2,0.2
115,12,15,15,7,7,0.3,0.2,0.5,0.5,0.2,0.3
116,12,14,14,2,2,0.5,0.3,0.2,0.2,0.3,0.5
117,12,13,13,9,9,0.2727272727272727,0.2727272727272727,0.45454545454545453,0.45454545454545453,0.2727272727272727,0.2727272727272727
118,12,19,19,3,3,0.4444444444444444,0.3333333333333333,0.2222222222222222,0.2222222222222222,0.3333333333333333,0.4444444444444444
119,12,5,5,10,10,0.2,0.1,0.7,0.7,0.1,0.2
120,13,11,11,20,20,0.5833333333333334,0.25,0.16666666666666666,0.16666666666666666,0.25,0.5833333333333334
121,13,13,13,6,6,0.4166666666666667,0.3333333333333333,0.25,0.25,0.3333333333333333,0.4166666666666667
122,13,1,1,2,2,0.5,0.3333333333333333,0.16666666666666666,0.16666666666666666,0.3333333333333333,0.5
123,13,18,18,14,14,0.4166666666666667,0.3333333333333333,0.25,0.25,0.3333333333333333,0.4166666666666667
124,13,4,4,17,17,0.4166666666666667,0.3333333333333333,0.25,0.25,0.3333333333333333,0.4166666666666667
125,13,7,7,19,19,0.3333333333333333,0.16666666666666666,0.5,0.5,0.16666666666666666,0.3333333333333333
126,13,8,8,12,12,0.3333333333333333,0.5,0.16666666666666666,0.16666666666666666,0.5,0.3333333333333333
127,13,9,9,15,15,0.7272727272727273,0.18181818181818182,0.09090909090909091,0.09090909090909091,0.18181818181818182,0.7272727272727273
128,13,3,3,10,10,0.38461538461538464,0.07692307692307693,0.5384615384615384,0.5384615384615384,0.07692307692307693,0.38461538461538464
129,13,16,16,5,5,0.25,0.25,0.5,0.5,0.25,0.25
130,14,20,20,1,1,0.16666666666666666,0.3333333333333333,0.5,0.5,0.3333333333333333,0.16666666666666666
131,14,6,6,11,11,0.4166666666666667,0.3333333333333333,0.25,0.25,0.3333333333333333,0.4166666666666667
132,14,19,19,18,18,0.3333333333333333,0.3333333333333333,0.3333333333333333,0.3333333333333333,0.3333333333333333,0.3333333333333333
133,14,10,10,4,4,0.3333333333333333,0.3333333333333333,0.3333333333333333,0.3333333333333333,0.3333333333333333,0.3333333333333333
134,14,12,12,7,7,0.4166666666666667,0.16666666666666666,0.4166666666666667,0.4166666666666667,0.16666666666666666,0.4166666666666667
135,14,2,2,9,9,0.3076923076923077,0.23076923076923078,0.46153846153846156,0.46153846153846156,0.23076923076923078,0.3076923076923077
136,14,15,15,8,8,0.5,0.16666666666666666,0.3333333333333333,0.3333333333333333,0.16666666666666666,0.5
137,14,14,14,3,3,0.5454545454545454,0.18181818181818182,0.2727272727272727,0.2727272727272727,0.18181818181818182,0.5454545454545454
138,14,5,5,13,13,0.3333333333333333,0.25,0.4166666666666667,0.4166666666666667,0.25,0.3333333333333333
139,14,17,17,16,16,0.6666666666666666,0.25,0.08333333333333333,0.08333333333333333,0.25,0.6666666666666666
140,15,9,9,20,20,0.7692307692307693,0.15384615384615385,0.07692307692307693,0.07692307692307693,0.15384615384615385,0.7692307692307693
141,15,18,18,6,6,0.5,0.14285714285714285,0.35714285714285715,0.35714285714285715,0.14285714285714285,0.5
142,15,1,1,14,14,0.42857142857142855,0.35714285714285715,0.21428571428571427,0.21428571428571427,0.35714285714285715,0.42857142857142855
143,15,4,4,19,19,0.5714285714285714,0.21428571428571427,0.21428571428571427,0.21428571428571427,0.21428571428571427,0.5714285714285714
144,15,7,7,5,5,0.42857142857142855,0.14285714285714285,0.42857142857142855,0.42857142857142855,0.14285714285714285,0.42857142857142855
145,15,13,13,12,12,0.2857142857142857,0.5714285714285714,0.14285714285714285,0.14285714285714285,0.5714285714285714,0.2857142857142857
146,15,3,3,2,2,0.5333333333333333,0.2,0.26666666666666666,0.26666666666666666,0.2,0.5333333333333333
147,15,16,16,15,15,0.42857142857142855,0.21428571428571427,0.35714285714285715,0.35714285714285715,0.21428571428571427,0.42857142857142855
148,15,8,8,10,10,0.2857142857142857,0.21428571428571427,0.5,0.5,0.21428571428571427,0.2857142857142857
149,15,11,11,17,17,0.21428571428571427,0.5714285714285714,0.21428571428571427,0.21428571428571427,0.5714285714285714,0.21428571428571427
150,16,20,20,3,3,0.5384615384615384,0.23076923076923078,0.23076923076923078,0.23076923076923078,0.23076923076923078,0.5384615384615384
151,16,6,6,1,1,0.21428571428571427,0.42857142857142855,0.35714285714285715,0.35714285714285715,0.42857142857142855,0.21428571428571427
152,16,5,5,11,11,0.2857142857142857,0.21428571428571427,0.5,0.5,0.21428571428571427,0.2857142857142857
153,16,10,10,18,18,0.42857142857142855,0.35714285714285715,0.21428571428571427,0.21428571428571427,0.35714285714285715,0.42857142857142855
154,16,15,15,4,4,0.21428571428571427,0.14285714285714285,0.6428571428571429,0.6428571428571429,0.14285714285714285,0.21428571428571427
155,16,17,17,7,7,0.7142857142857143,0.21428571428571427,0.07142857142857142,0.07142857142857142,0.21428571428571427,0.7142857142857143
156,16,12,12,9,9,0.26666666666666666,0.2,0.5333333333333333,0.5333333333333333,0.2,0.26666666666666666
157,16,2,2,8,8,0.7142857142857143,0.14285714285714285,0.14285714285714285,0.14285714285714285,0.14285714285714285,0.7142857142857143
158,16,14,14,13,13,0.5,0.21428571428571427,0.2857142857142857,0.2857142857142857,0.21428571428571427,0.5
159,16,19,19,16,16,0.5714285714285714,0.21428571428571427,0.21428571428571427,0.21428571428571427,0.21428571428571427,0.5714285714285714
160,17,20,20,7,7,0.5625,0.1875,0.25,0.25,0.1875,0.5625
161,17,6,6,9,9,0.35294117647058826,0.35294117647058826,0.29411764705882354,0.29411764705882354,0.35294117647058826,0.35294117647058826
162,17,10,10,1,1,0.3125,0.3125,0.375,0.375,0.3125,0.3125
163,17,5,5,4,4,0.1875,0.125,0.6875,0.6875,0.125,0.1875
164,17,15,15,18,18,0.375,0.1875,0.4375,0.4375,0.1875,0.375
165,17,12,12,16,16,0.5,0.125,0.375,0.375,0.125,0.5
166,17,2,2,13,13,0.5625,0.25,0.1875,0.1875,0.25,0.5625
167,17,14,14,8,8,0.625,0.1875,0.1875,0.1875,0.1875,0.625
168,17,17,17,3,3,0.8,0.2,0.0,0.0,0.2,0.8
169,17,19,19,11,11,0.375,0.25,0.375,0.375,0.25,0.375
170,18,16,16,20,20,0.4375,0.25,0.3125,0.3125,0.25,0.4375
171,18,8,8,6,6,0.5625,0.25,0.1875,0.1875,0.25,0.5625
172,18,1,1,19,19,0.5,0.3125,0.1875,0.1875,0.3125,0.5
173,18,18,18,5,5,0.5,0.1875,0.3125,0.3125,0.1875,0.5
174,18,4,4,2,2,0.75,0.125,0.125,0.125,0.125,0.75
175,18,7,7,10,10,0.25,0.125,0.625,0.625,0.125,0.25
176,18,3,3,12,12,0.4117647058823529,0.35294117647058826,0.23529411764705882,0.23529411764705882,0.35294117647058826,0.4117647058823529
177,18,9,9,14,14,0.5333333333333333,0.3333333333333333,0.13333333333333333,0.13333333333333333,0.3333333333333333,0.5333333333333333
178,18,11,11,15,15,0.5625,0.3125,0.125,0.125,0.3125,0.5625
179,18,13,13,17,17,0.375,0.4375,0.1875,0.1875,0.4375,0.375
180,19,8,8,20,20,0.5,0.2777777777777778,0.2222222222222222,0.2222222222222222,0.2777777777777778,0.5
181,19,7,7,6,6,0.3888888888888889,0.16666666666666666,0.4444444444444444,0.4444444444444444,0.16666666666666666,0.3888888888888889
182,19,1,1,5,5,0.5555555555555556,0.2777777777777778,0.16666666666666666,0.16666666666666666,0.2777777777777778,0.5555555555555556
183,19,18,18,17,17,0.3333333333333333,0.3333333333333333,0.3333333333333333,0.3333333333333333,0.3333333333333333,0.3333333333333333
184,19,4,4,14,14,0.6666666666666666,0.16666666666666666,0.16666666666666666,0.16666666666666666,0.16666666666666666,0.6666666666666666
185,19,11,11,12,12,0.3888888888888889,0.5,0.1111111111111111,0.1111111111111111,0.5,0.3888888888888889
186,19,16,16,2,2,0.4444444444444444,0.2222222222222222,0.3333333333333333,0.3333333333333333,0.2222222222222222,0.4444444444444444
187,19,9,9,10,10,0.47058823529411764,0.11764705882352941,0.4117647058823529,0.4117647058823529,0.11764705882352941,0.47058823529411764
188,19,3,3,15,15,0.6842105263157895,0.10526315789473684,0.21052631578947367,0.21052631578947367,0.10526315789473684,0.6842105263157895
189,19,13,13,19,19,0.4444444444444444,0.3333333333333333,0.2222222222222222,0.2222222222222222,0.3333333333333333,0.4444444444444444
190,20,20,20,11,11,0.3333333333333333,0.2222222222222222,0.4444444444444444,0.4444444444444444,0.2222222222222222,0.3333333333333333
191,20,6,6,13,13,0.4444444444444444,0.3888888888888889,0.16666666666666666,0.16666666666666666,0.3888888888888889,0.4444444444444444
192,20,2,2,1,1,0.3888888888888889,0.16666666666666666,0.4444444444444444,0.4444444444444444,0.16666666666666666,0.3888888888888889
193,20,5,5,16,16,0.5,0.1111111111111111,0.3888888888888889,0.3888888888888889,0.1111111111111111,0.5
194,20,14,14,18,18,0.4444444444444444,0.2777777777777778,0.2777777777777778,0.2777777777777778,0.2777777777777778,0.4444444444444444
195,20,17,17,4,4,0.4444444444444444,0.16666666666666666,0.3888888888888889,0.3888888888888889,0.16666666666666666,0.4444444444444444
196,20,19,19,7,7,0.6111111111111112,0.16666666666666666,0.2222222222222222,0.2222222222222222,0.16666666666666666,0.6111111111111112
197,20,12,12,8,8,0.5555555555555556,0.16666666666666666,0.2777777777777778,0.2777777777777778,0.16666666666666666,0.5555555555555556
198,20,15,15,9,9,0.2631578947368421,0.15789473684210525,0.5789473684210527,0.5789473684210527,0.15789473684210525,0.2631578947368421
199,20,10,10,3,3,0.7058823529411765,0.23529411764705882,0.058823529411764705,0.058823529411764705,0.23529411764705882,0.7058823529411765
200,21,20,20,5,5,0.45,0.25,0.3,0.3,0.25,0.45
201,21,6,6,10,10,0.4,0.2,0.4,0.4,0.2,0.4
202,21,16,16,1,1,0.2,0.25,0.55,0.55,0.25,0.2
203,21,18,18,12,12,0.4,0.35,0.25,0.25,0.35,0.4
204,21,8,8,4,4,0.35,0.2,0.45,0.45,0.2,0.35
205,21,7,7,2,2,0.4,0.25,0.35,0.35,0.25,0.4
206,21,11,11,9,9,0.35,0.35,0.3,0.3,0.35,0.35
207,21,15,15,14,14,0.4,0.25,0.35,0.35,0.25,0.4
208,21,3,3,13,13,0.6,0.2,0.2,0.2,0.2,0.6
209,21,17,17,19,19,0.6,0.25,0.15,0.15,0.25,0.6
210,22,12,12,20,20,0.45,0.2,0.35,0.35,0.2,0.45
211,22,5,5,6,6,0.35,0.15,0.5,0.5,0.15,0.35
212,22,1,1,3,3,0.7894736842105263,0.15789473684210525,0.05263157894736842,0.05263157894736842,0.15789473684210525,0.7894736842105263
213,22,2,2,18,18,0.55,0.2,0.25,0.25,0.2,0.55
214,22,4,4,7,7,0.85,0.05,0.1,0.1,0.05,0.85
215,22,9,9,16,16,0.7368421052631579,0.15789473684210525,0.10526315789473684,0.10526315789473684,0.15789473684210525,0.7368421052631579
216,22,19,19,15,15,0.65,0.15,0.2,0.2,0.15,0.65
217,22,13,13,8,8,0.55,0.3,0.15,0.15,0.3,0.55
218,22,10,10,17,17,0.4,0.35,0.25,0.25,0.35,0.4
219,22,14,14,11,11,0.3,0.25,0.45,0.45,0.25,0.3
220,23,20,20,10,10,0.4,0.1,0.5,0.5,0.1,0.4
221,23,14,14,6,6,0.45,0.3,0.25,0.25,0.3,0.45
222,23,1,1,18,18,0.7,0.2,0.1,0.1,0.2,0.7
223,23,2,2,5,5,0.5,0.3,0.2,0.2,0.3,0.5
224,23,9,9,4,4,0.45,0.15,0.4,0.4,0.15,0.45
225,23,11,11,7,7,0.65,0.3,0.05,0.05,0.3,0.65
226,23,12,12,19,19,0.4,0.2,0.4,0.4,0.2,0.4
227,23,15,15,17,17,0.25,0.3,0.45,0.45,0.3,0.25
228,23,3,3,8,8,0.7,0.2,0.1,0.1,0.2,0.7
229,23,16,16,13,13,0.35,0.25,0.4,0.4,0.25,0.35
230,24,13,13,20,20,0.5,0.2,0.3,0.3,0.2,0.5
231,24,6,6,2,2,0.6,0.25,0.15,0.15,0.25,0.6
232,24,4,4,1,1,0.55,0.1,0.35,0.35,0.1,0.55
233,24,5,5,15,15,0.5,0.1,0.4,0.4,0.1,0.5
234,24,18,18,3,3,0.65,0.2,0.15,0.15,0.2,0.65
235,24,7,7,9,9,0.15,0.35,0.5,0.5,0.35,0.15
236,24,17,17,12,12,0.6,0.4,0.0,0.0,0.4,0.6
237,24,8,8,11,11,0.35,0.25,0.4,0.4,0.25,0.35
238,24,10,10,16,16,0.6,0.25,0.15,0.15,0.25,0.6
239,24,19,19,14,14,0.55,0.2,0.25,0.25,0.2,0.55
240,25,20,20,19,19,0.4,0.3,0.3,0.3,0.3,0.4
241,25,12,12,6,6,0.4,0.25,0.35,0.35,0.25,0.4
242,25,1,1,7,7,0.8,0.15,0.05,0.05,0.15,0.8
243,25,14,14,5,5,0.45,0.4,0.15,0.15,0.4,0.45
244,25,11,11,18,18,0.5,0.4,0.1,0.1,0.4,0.5
245,25,3,3,4,4,0.5,0.05,0.45,0.45,0.05,0.5
246,25,2,2,10,10,0.4,0.15,0.45,0.45,0.15,0.4
247,25,9,9,17,17,0.4,0.4,0.2,0.2,0.4,0.4
248,25,15,15,13,13,0.4,0.3,0.3,0.3,0.3,0.4
249,25,16,16,8,8,0.5,0.2,0.3,0.3,0.2,0.5
250,26,18,18,20,20,0.45,0.25,0.3,0.3,0.25,0.45
251,26,6,6,15,15,0.7,0.15,0.15,0.15,0.15,0.7
252,26,5,5,12,12,0.35,0.25,0.4,0.4,0.25,0.35
253,26,4,4,16,16,0.8,0.05,0.15,0.15,0.05,0.8
254,26,7,7,3,3,0.6,0.2,0.2,0.2,0.2,0.6
255,26,19,19,2,2,0.7,0.1,0.2,0.2,0.1,0.7
256,26,8,8,9,9,0.3,0.25,0.45,0.45,0.25,0.3
257,26,17,17,14,14,0.7,0.15,0.15,0.15,0.15,0.7
258,27,20,20,4,4,0.25,0.25,0.5,0.5,0.25,0.25
259,27,17,17,6,6,0.65,0.25,0.1,0.1,0.25,0.65
260,27,9,9,1,1,0.45,0.25,0.3,0.3,0.25,0.45
261,27,19,19,5,5,0.65,0.2,0.15,0.15,0.2,0.65
262,27,18,18,13,13,0.45,0.35,0.2,0.2,0.35,0.45
263,27,8,8,7,7,0.65,0.15,0.2,0.2,0.15,0.65
264,27,14,14,12,12,0.5,0.45,0.05,0.05,0.45,0.5
265,27,11,11,2,2,0.55,0.35,0.1,0.1,0.35,0.55
266,27,15,15,10,10,0.35,0.15,0.5,0.5,0.15,0.35
267,27,16,16,3,3,0.6,0.15,0.25,0.25,0.15,0.6
268,27,10,10,14,14,0.5,0.3,0.2,0.2,0.3,0.5
269,28,2,2,20,20,0.3,0.3,0.4,0.4,0.3,0.3
270,28,6,6,19,19,0.5,0.35,0.15,0.15,0.35,0.5
271,28,7,7,16,16,0.5,0.25,0.25,0.25,0.25,0.5
272,28,9,9,3,3,0.75,0.2,0.05,0.05,0.2,0.75
273,29,20,20,8,8,0.55,0.25,0.2,0.2,0.25,0.55
274,29,6,6,7,7,0.8,0.15,0.05,0.05,0.15,0.8
275,29,19,19,1,1,0.55,0.1,0.35,0.35,0.1,0.55
276,29,5,5,18,18,0.4,0.1,0.5,0.5,0.1,0.4
277,29,14,14,4,4,0.3,0.3,0.4,0.4,0.3,0.3
278,29,12,12,11,11,0.25,0.3,0.45,0.45,0.3,0.25
279,29,2,2,16,16,0.5,0.2,0.3,0.3,0.2,0.5
280,29,10,10,9,9,0.35,0.4,0.25,0.25,0.4,0.35
281,29,15,15,3,3,0.6,0.15,0.25,0.25,0.15,0.6
282,29,17,17,13,13,0.7,0.15,0.15,0.15,0.15,0.7
283,30,7,7,20,20,0.4,0.35,0.25,0.25,0.35,0.4
284,30,9,9,6,6,0.6,0.25,0.15,0.15,0.25,0.6
285,30,1,1,10,10,0.5,0.1,0.4,0.4,0.1,0.5
286,30,4,4,5,5,0.8,0.1,0.1,0.1,0.1,0.8
287,30,18,18,15,15,0.6,0.15,0.25,0.25,0.15,0.6
288,30,16,16,12,12,0.55,0.25,0.2,0.2,0.25,0.55
289,30,13,13,2,2,0.6,0.1,0.3,0.3,0.1,0.6
290,30,8,8,14,14,0.5,0.15,0.35,0.35,0.15,0.5
291,30,3,3,17,17,0.5,0.3,0.2,0.2,0.3,0.5
292,30,11,11,19,19,0.45,0.45,0.1,0.1,0.45,0.45
293,31,1,1,20,20,0.5,0.3,0.2,0.2,0.3,0.5
294,31,11,11,6,6,0.45,0.45,0.1,0.1,0.45,0.45
295,31,13,13,5,5,0.45,0.2,0.35,0.35,0.2,0.45
296,31,18,18,19,19,0.4,0.35,0.25,0.25,0.35,0.4
297,31,4,4,10,10,0.6,0.05,0.35,0.35,0.05,0.6
298,31,7,7,12,12,0.55,0.4,0.05,0.05,0.4,0.55
299,31,9,9,2,2,0.65,0.2,0.15,0.15,0.2,0.65
300,31,8,8,15,15,0.65,0.05,0.3,0.3,0.05,0.65
301,31,3,3,14,14,0.65,0.15,0.2,0.2,0.15,0.65
302,31,16,16,17,17,0.4,0.25,0.35,0.35,0.25,0.4
303,32,20,20,16,16,0.5,0.15,0.35,0.35,0.15,0.5
304,32,6,6,8,8,0.65,0.25,0.1,0.1,0.25,0.65
305,32,5,5,1,1,0.4,0.1,0.5,0.5,0.1,0.4
306,32,17,17,18,18,0.85,0.1,0.05,0.05,0.1,0.85
307,32,2,2,4,4,0.25,0.2,0.55,0.55,0.2,0.25
308,32,10,10,7,7,0.65,0.3,0.05,0.05,0.3,0.65
309,32,12,12,3,3,0.55,0.25,0.2,0.2,0.25,0.55
310,32,14,14,9,9,0.35,0.4,0.25,0.25,0.4,0.35
311,32,15,15,11,11,0.2,0.3,0.5,0.5,0.3,0.2
312,32,19,19,13,13,0.7,0.05,0.25,0.25,0.05,0.7
313,33,15,15,20,20,0.3,0.3,0.4,0.4,0.3,0.3
314,33,6,6,3,3,0.75,0.2,0.05,0.05,0.2,0.75
315,33,12,12,1,1,0.4,0.3,0.3,0.3,0.3,0.4
316,33,5,5,8,8,0.55,0.1,0.35,0.35,0.1,0.55
317,33,18,18,16,16,0.6,0.15,0.25,0.25,0.15,0.6
318,33,11,11,4,4,0.25,0.4,0.35,0.35,0.4,0.25
319,33,14,14,7,7,0.65,0.25,0.1,0.1,0.25,0.65
320,33,17,17,2,2,0.8,0.15,0.05,0.05,0.15,0.8
321,33,19,19,9,9,0.5,0.2,0.3,0.3,0.2,0.5
322,33,13,13,10,10,0.4,0.15,0.45,0.45,0.15,0.4
323,34,20,20,6,6,0.4,0.25,0.35,0.35,0.25,0.4
324,34,1,1,8,8,0.65,0.25,0.1,0.1,0.25,0.65
325,34,9,9,5,5,0.55,0.25,0.2,0.2,0.25,0.55
326,34,5,5,9,9,0.0,0.0,0.0,0.0,0.0,0.0
327,34,7,7,18,18,0.65,0.25,0.1,0.1,0.25,0.65
328,34,4,4,13,13,0.7,0.05,0.25,0.25,0.05,0.7
329,34,2,2,12,12,0.55,0.25,0.2,0.2,0.25,0.55
330,34,12,12,2,2,0.0,0.0,0.0,0.0,0.0,0.0
331,34,3,3,11,11,0.4,0.15,0.45,0.45,0.15,0.4
332,34,10,10,11,11,0.3,0.3,0.4,0.4,0.3,0.3
333,34,16,16,14,14,0.6,0.1,0.3,0.3,0.1,0.6
334,35,14,14,20,20,0.4,0.35,0.25,0.25,0.35,0.4
335,35,6,6,4,4,0.55,0.1,0.35,0.35,0.1,0.55
336,35,17,17,1,1,0.8,0.05,0.15,0.15,0.05,0.8
337,35,5,5,3,3,0.5,0.2,0.3,0.3,0.2,0.5
338,35,18,18,9,9,0.4,0.3,0.3,0.3,0.3,0.4
339,35,13,13,7,7,0.65,0.15,0.2,0.2,0.15,0.65
340,35,12,12,10,10,0.3,0.25,0.45,0.45,0.25,0.3
341,35,15,15,2,2,0.35,0.35,0.3,0.3,0.35,0.35
342,35,19,19,8,8,0.6,0.15,0.25,0.25,0.15,0.6
343,35,11,11,16,16,0.65,0.25,0.1,0.1,0.25,0.65
344,36,20,20,17,17,0.35,0.2,0.45,0.45,0.2,0.35
345,36,16,16,6,6,0.4,0.3,0.3,0.3,0.3,0.4
346,36,1,1,11,11,0.4,0.2,0.4,0.4,0.2,0.4
347,36,11,11,1,1,0.0,0.0,0.0,0.0,0.0,0.0
348,36,10,10,5,5,0.45,0.3,0.25,0.25,0.3,0.45
349,36,8,8,18,18,0.7,0.1,0.2,0.2,0.1,0.7
350,36,4,4,12,12,0.85,0.1,0.05,0.05,0.1,0.85
351,36,7,7,15,15,0.75,0.15,0.1,0.1,0.15,0.75
352,36,2,2,14,14,0.6,0.15,0.25,0.25,0.15,0.6
353,36,9,9,13,13,0.55,0.15,0.3,0.3,0.15,0.55
354,36,3,3,19,19,0.55,0.25,0.2,0.2,0.25,0.55
355,37,20,20,9,9,0.3,0.25,0.45,0.45,0.25,0.3
356,37,6,6,18,18,0.8,0.05,0.15,0.15,0.05,0.8
357,37,14,14,1,1,0.5,0.25,0.25,0.25,0.25,0.5
358,37,1,1,14,14,0.0,0.0,0.0,0.0,0.0,0.0
359,37,5,5,7,7,0.55,0.15,0.3,0.3,0.15,0.55
360,37,4,4,18,18,0.85,0.05,0.1,0.1,0.05,0.85
361,37,18,18,4,4,0.0,0.0,0.0,0.0,0.0,0.0
362,37,12,12,13,13,0.35,0.3,0.35,0.35,0.3,0.35
363,37,2,2,3,3,0.45,0.3,0.25,0.25,0.3,0.45
364,37,15,15,1,1,0.35,0.25,0.4,0.4,0.25,0.35
365,37,10,10,8,8,0.55,0.35,0.1,0.1,0.35,0.55
366,37,8,8,10,10,0.0,0.0,0.0,0.0,0.0,0.0
367,37,10,10,8,8,0.55,0.35,0.1,0.1,0.35,0.55
368,37,13,13,11,11,0.2,0.2,0.6,0.6,0.2,0.2
369,37,17,17,8,8,0.75,0.15,0.1,0.1,0.15,0.75
370,38,3,3,20,20,0.5,0.25,0.25,0.25,0.25,0.5
371,38,1,1,6,6,0.55,0.3,0.15,0.15,0.3,0.55
372,38,8,8,2,2,0.55,0.15,0.3,0.3,0.15,0.55
373,38,11,11,5,5,0.45,0.35,0.2,0.2,0.35,0.45
374,38,18,18,10,10,0.35,0.25,0.4,0.4,0.25,0.35
375,38,4,4,15,15,0.85,0.0,0.15,0.15,0.0,0.85
376,38,7,7,17,17,0.4,0.2,0.4,0.4,0.2,0.4
377,38,9,9,12,12,0.65,0.25,0.1,0.1,0.25,0.65
378,38,13,13,14,14,0.45,0.25,0.3,0.3,0.25,0.45
379,38,16,16,19,19,0.5,0.25,0.25,0.25,0.25,0.5
