,fixture,round,team_home,uniqueid_home,team_away,uniqueid_away,team_home_gs,team_home_gc,team_away_gs,team_away_gc,team_home_win,team_home_draw,team_home_loss,team_away_win,team_away_draw,team_away_loss,home_odds_win_3,home_odds_draw_3,home_odds_loss_3,away_odds_win_3,away_odds_draw_3,away_odds_loss_3
0,10,1,4,4,20,20,2,1,1,2,1,0,0,0,0,1,0.3333333333333333,0.3333333333333333,0.3333333333333333,0.3333333333333333,0.3333333333333333,0.3333333333333333
1,3,1,6,6,17,17,1,1,1,1,0,1,0,0,1,0,0.3333333333333333,0.3333333333333333,0.3333333333333333,0.3333333333333333,0.3333333333333333,0.3333333333333333
2,8,1,1,1,9,9,3,4,4,3,0,0,1,1,0,0,0.3333333333333333,0.3333333333333333,0.3333333333333333,0.3333333333333333,0.3333333333333333,0.3333333333333333
3,7,1,13,13,18,18,1,1,1,1,0,1,0,0,1,0,0.3333333333333333,0.3333333333333333,0.3333333333333333,0.3333333333333333,0.3333333333333333,0.3333333333333333
4,4,1,7,7,8,8,2,1,1,2,1,0,0,0,0,1,0.3333333333333333,0.3333333333333333,0.3333333333333333,0.3333333333333333,0.3333333333333333,0.3333333333333333
5,6,1,12,12,14,14,1,1,1,1,0,1,0,0,1,0,0.3333333333333333,0.3333333333333333,0.3333333333333333,0.3333333333333333,0.3333333333333333,0.3333333333333333
6,9,1,2,2,11,11,1,3,3,1,0,0,1,1,0,0,0.3333333333333333,0.3333333333333333,0.3333333333333333,0.3333333333333333,0.3333333333333333,0.3333333333333333
7,5,1,10,10,15,15,2,1,1,2,1,0,0,0,0,1,0.3333333333333333,0.3333333333333333,0.3333333333333333,0.3333333333333333,0.3333333333333333,0.3333333333333333
8,1,1,3,3,16,16,0,1,1,0,0,0,1,1,0,0,0.3333333333333333,0.3333333333333333,0.3333333333333333,0.3333333333333333,0.3333333333333333,0.3333333333333333
9,2,1,5,5,19,19,0,1,1,0,0,0,1,1,0,0,0.3333333333333333,0.3333333333333333,0.3333333333333333,0.3333333333333333,0.3333333333333333,0.3333333333333333
10,20,2,20,20,2,2,1,0,0,1,1,0,0,0,0,1,0.3333333333333333,0.3333333333333333,0.3333333333333333,0.3333333333333333,0.3333333333333333,0.3333333333333333
11,18,2,19,19,6,6,1,2,2,1,0,0,1,1,0,0,0.3333333333333333,0.3333333333333333,0.3333333333333333,0.3333333333333333,0.3333333333333333,0.3333333333333333
12,13,2,8,8,1,1,0,0,0,0,0,1,0,0,1,0,0.3333333333333333,0.3333333333333333,0.3333333333333333,0.3333333333333333,0.3333333333333333,0.3333333333333333
13,17,2,18,18,4,4,1,2,2,1,0,0,1,1,0,0,0.3333333333333333,0.3333333333333333,0.3333333333333333,0.3333333333333333,0.3333333333333333,0.3333333333333333
14,15,2,16,16,7,7,0,2,2,0,0,0,1,1,0,0,0.3333333333333333,0.3333333333333333,0.3333333333333333,0.3333333333333333,0.3333333333333333,0.3333333333333333
15,19,2,15,15,12,12,1,2,2,1,0,0,1,1,0,0,0.3333333333333333,0.3333333333333333,0.3333333333333333,0.3333333333333333,0.3333333333333333,0.3333333333333333
16,12,2,3,3,9,9,2,0,0,2,1,0,0,0,0,1,0.0,0.0,1.0,1.0,0.0,0.0
17,14,2,14,14,10,10,1,4,4,1,0,0,1,1,0,0,0.3333333333333333,0.3333333333333333,0.3333333333333333,0.3333333333333333,0.3333333333333333,0.3333333333333333
18,11,2,11,11,13,13,2,0,0,2,1,0,0,0,0,1,0.3333333333333333,0.3333333333333333,0.3333333333333333,0.3333333333333333,0.3333333333333333,0.3333333333333333
19,16,2,17,17,5,5,1,0,0,1,1,0,0,0,0,1,0.3333333333333333,0.3333333333333333,0.3333333333333333,0.3333333333333333,0.3333333333333333,0.3333333333333333
20,29,3,10,10,20,20,3,1,1,3,1,0,0,0,0,1,1.0,0.0,0.0,0.0,0.0,1.0
21,23,3,6,6,14,14,1,0,0,1,1,0,0,0,0,1,0.0,1.0,0.0,0.0,1.0,0.0
22,28,3,18,18,1,1,1,3,3,1,0,0,1,1,0,0,0.0,0.5,0.5,0.5,0.5,0.0
23,21,3,4,4,3,3,3,0,0,3,1,0,0,0,0,1,1.0,0.0,0.0,0.0,0.0,1.0
24,24,3,7,7,11,11,0,1,1,0,0,0,1,1,0,0,0.5,0.0,0.5,0.5,0.0,0.5
25,30,3,19,19,12,12,0,0,0,0,0,1,0,0,1,0,0.0,0.0,1.0,1.0,0.0,0.0
26,22,3,5,5,2,2,1,1,1,1,0,1,0,0,1,0,0.5,0.0,0.5,0.5,0.0,0.5
27,27,3,17,17,9,9,1,1,1,1,0,1,0,0,1,0,0.6666666666666666,0.0,0.3333333333333333,0.3333333333333333,0.0,0.6666666666666666
28,26,3,13,13,15,15,1,1,1,1,0,1,0,0,1,0,0.5,0.5,0.0,0.0,0.5,0.5
29,25,3,8,8,16,16,2,1,1,2,1,0,0,0,0,1,0.0,0.5,0.5,0.5,0.5,0.0
30,38,4,20,20,18,18,2,4,4,2,0,0,1,1,0,0,0.5,0.5,0.0,0.0,0.5,0.5
31,40,4,15,15,6,6,0,3,3,0,0,0,1,1,0,0,0.0,0.0,1.0,1.0,0.0,0.0
32,31,4,1,1,13,13,2,1,1,2,1,0,0,0,0,1,0.5,0.0,0.5,0.5,0.0,0.5
33,39,4,16,16,4,4,2,2,2,2,0,1,0,0,1,0,0.0,0.0,1.0,1.0,0.0,0.0
34,33,4,3,3,7,7,1,1,1,1,0,1,0,0,1,0,0.3333333333333333,0.0,0.6666666666666666,0.6666666666666666,0.0,0.3333333333333333
35,36,4,12,12,5,5,1,2,2,1,0,0,1,1,0,0,0.5,0.5,0.0,0.0,0.5,0.5
36,32,4,2,2,19,19,1,0,0,1,1,0,0,0,0,1,0.0,0.0,1.0,1.0,0.0,0.0
37,34,4,9,9,8,8,4,1,1,4,1,0,0,0,0,1,1.0,0.0,0.0,0.0,0.0,1.0
38,35,4,11,11,10,10,1,2,2,1,0,0,1,1,0,0,0.5,0.0,0.5,0.5,0.0,0.5
39,37,4,14,14,17,17,0,4,4,0,0,0,1,1,0,0,0.0,0.5,0.5,0.5,0.5,0.0
40,46,5,19,19,20,20,4,2,2,4,1,0,0,0,0,1,0.5,0.25,0.25,0.25,0.25,0.5
41,42,5,6,6,12,12,3,1,1,3,1,0,0,0,0,1,0.25,0.5,0.25,0.25,0.5,0.25
42,43,5,7,7,1,1,1,4,4,1,0,0,1,1,0,0,0.25,0.25,0.5,0.5,0.25,0.25
43,50,5,18,18,11,11,3,1,1,3,1,0,0,0,0,1,0.0,0.0,1.0,1.0,0.0,0.0
44,41,5,4,4,9,9,1,2,2,1,0,0,1,1,0,0,0.6,0.2,0.2,0.2,0.2,0.6
45,45,5,10,10,2,2,4,0,0,4,1,0,0,0,0,1,0.75,0.25,0.0,0.0,0.25,0.75
46,49,5,17,17,15,15,1,0,0,1,1,0,0,0,0,1,0.5,0.5,0.0,0.0,0.5,0.5
47,44,5,8,8,3,3,3,0,0,3,1,0,0,0,0,1,0.6666666666666666,0.3333333333333333,0.0,0.0,0.3333333333333333,0.6666666666666666
48,48,5,13,13,16,16,1,0,0,1,1,0,0,0,0,1,0.25,0.5,0.25,0.25,0.5,0.25
49,47,5,5,5,14,14,4,1,1,4,1,0,0,0,0,1,0.25,0.5,0.25,0.25,0.5,0.25
50,59,6,20,20,13,13,0,3,3,0,0,0,1,1,0,0,0.75,0.0,0.25,0.25,0.0,0.75
51,52,6,2,2,6,6,1,0,0,1,1,0,0,0,0,1,0.25,0.0,0.75,0.75,0.0,0.25
52,51,6,1,1,4,4,3,0,0,3,1,0,0,0,0,1,0.25,0.25,0.5,0.5,0.25,0.25
53,60,6,3,3,18,18,2,0,0,2,1,0,0,0,0,1,0.2,0.4,0.4,0.4,0.4,0.2
54,53,6,9,9,7,7,5,1,1,5,1,0,0,0,0,1,0.3333333333333333,0.3333333333333333,0.3333333333333333,0.3333333333333333,0.3333333333333333,0.3333333333333333
55,55,6,12,12,17,17,1,2,2,1,0,0,1,1,0,0,0.0,0.5,0.5,0.5,0.5,0.0
56,57,6,15,15,5,5,2,3,3,2,0,0,1,1,0,0,0.25,0.0,0.75,0.75,0.0,0.25
57,54,6,11,11,8,8,4,1,1,4,1,0,0,0,0,1,0.75,0.0,0.25,0.25,0.0,0.75
58,58,6,16,16,10,10,1,3,3,1,0,0,1,1,0,0,0.0,0.25,0.75,0.75,0.25,0.0
59,56,6,14,14,19,19,1,1,1,1,0,1,0,0,1,0,0.25,0.0,0.75,0.75,0.0,0.25
60,70,7,20,20,12,12,1,1,1,1,0,1,0,0,1,0,0.3333333333333333,0.16666666666666666,0.5,0.5,0.16666666666666666,0.3333333333333333
61,62,7,6,6,5,5,1,1,1,1,0,1,0,0,1,0,0.5,0.16666666666666666,0.3333333333333333,0.3333333333333333,0.16666666666666666,0.5
62,61,7,3,3,1,1,0,1,1,0,0,0,1,1,0,0,0.3333333333333333,0.3333333333333333,0.3333333333333333,0.3333333333333333,0.3333333333333333,0.3333333333333333
63,69,7,18,18,2,2,2,2,2,2,0,1,0,0,1,0,0.5,0.16666666666666666,0.3333333333333333,0.3333333333333333,0.16666666666666666,0.5
64,63,7,7,7,4,4,0,2,2,0,0,0,1,1,0,0,0.3333333333333333,0.16666666666666666,0.5,0.5,0.16666666666666666,0.3333333333333333
65,67,7,16,16,9,9,1,2,2,1,0,0,1,1,0,0,0.16666666666666666,0.3333333333333333,0.5,0.5,0.3333333333333333,0.16666666666666666
66,66,7,15,15,19,19,1,1,1,1,0,1,0,0,1,0,0.16666666666666666,0.16666666666666666,0.6666666666666666,0.6666666666666666,0.16666666666666666,0.16666666666666666
67,64,7,8,8,13,13,0,0,0,0,0,1,0,0,1,0,0.6666666666666666,0.16666666666666666,0.16666666666666666,0.16666666666666666,0.16666666666666666,0.6666666666666666
68,68,7,17,17,10,10,2,0,0,2,1,0,0,0,0,1,0.3333333333333333,0.16666666666666666,0.5,0.5,0.16666666666666666,0.3333333333333333
69,65,7,11,11,14,14,1,1,1,1,0,1,0,0,1,0,0.6666666666666666,0.16666666666666666,0.16666666666666666,0.16666666666666666,0.16666666666666666,0.6666666666666666
70,74,8,5,5,20,20,0,1,1,0,0,0,1,1,0,0,0.6666666666666666,0.16666666666666666,0.16666666666666666,0.16666666666666666,0.16666666666666666,0.6666666666666666
71,76,8,10,10,6,6,1,1,1,1,0,1,0,0,1,0,0.6666666666666666,0.0,0.3333333333333333,0.3333333333333333,0.0,0.6666666666666666
72,71,8,1,1,16,16,3,2,2,3,1,0,0,0,0,1,0.6666666666666666,0.0,0.3333333333333333,0.3333333333333333,0.0,0.6666666666666666
73,77,8,12,12,18,18,0,1,1,0,0,0,1,1,0,0,0.16666666666666666,0.3333333333333333,0.5,0.5,0.3333333333333333,0.16666666666666666
74,73,8,4,4,8,8,3,0,0,3,1,0,0,0,0,1,0.8333333333333334,0.0,0.16666666666666666,0.16666666666666666,0.0,0.8333333333333334
75,72,8,2,2,7,7,6,1,1,6,1,0,0,0,0,1,0.5,0.16666666666666666,0.3333333333333333,0.3333333333333333,0.16666666666666666,0.5
76,75,8,9,9,11,11,0,0,0,0,0,1,0,0,1,0,0.6,0.0,0.4,0.4,0.0,0.6
77,79,8,14,14,15,15,2,0,0,2,1,0,0,0,0,1,0.3333333333333333,0.3333333333333333,0.3333333333333333,0.3333333333333333,0.3333333333333333,0.3333333333333333
78,78,8,13,13,3,3,3,1,1,3,1,0,0,0,0,1,0.6,0.4,0.0,0.0,0.4,0.6
79,80,8,19,19,17,17,1,1,1,1,0,1,0,0,1,0,0.16666666666666666,0.3333333333333333,0.5,0.5,0.3333333333333333,0.16666666666666666
80,90,9,20,20,15,15,1,0,0,1,1,0,0,0,0,1,0.3333333333333333,0.3333333333333333,0.3333333333333333,0.3333333333333333,0.3333333333333333,0.3333333333333333
81,83,9,3,3,6,6,2,1,1,2,1,0,0,0,0,1,0.3333333333333333,0.3333333333333333,0.3333333333333333,0.3333333333333333,0.3333333333333333,0.3333333333333333
82,81,9,1,1,12,12,0,0,0,0,0,1,0,0,1,0,0.6666666666666666,0.3333333333333333,0.0,0.0,0.3333333333333333,0.6666666666666666
83,89,9,16,16,18,18,0,0,0,0,0,1,0,0,1,0,0.16666666666666666,0.16666666666666666,0.6666666666666666,0.6666666666666666,0.16666666666666666,0.16666666666666666
84,84,9,4,4,11,11,4,0,0,4,1,0,0,0,0,1,0.5,0.16666666666666666,0.3333333333333333,0.3333333333333333,0.16666666666666666,0.5
85,85,9,7,7,14,14,0,2,2,0,0,0,1,1,0,0,0.3333333333333333,0.16666666666666666,0.5,0.5,0.16666666666666666,0.3333333333333333
86,82,9,2,2,17,17,0,0,0,0,0,1,0,0,1,0,0.5,0.16666666666666666,0.3333333333333333,0.3333333333333333,0.16666666666666666,0.5
87,87,9,9,9,19,19,2,1,1,2,1,0,0,0,0,1,0.5,0.5,0.0,0.0,0.5,0.5
88,86,9,8,8,5,5,3,1,1,3,1,0,0,0,0,1,0.3333333333333333,0.3333333333333333,0.3333333333333333,0.3333333333333333,0.3333333333333333,0.3333333333333333
89,88,9,10,10,13,13,1,1,1,1,0,1,0,0,1,0,0.5,0.3333333333333333,0.16666666666666666,0.16666666666666666,0.3333333333333333,0.5
90,92,10,6,6,20,20,2,0,0,2,1,0,0,0,0,1,0.6666666666666666,0.16666666666666666,0.16666666666666666,0.16666666666666666,0.16666666666666666,0.6666666666666666
91,97,10,15,15,1,1,1,4,4,1,0,0,1,1,0,0,0.0,0.16666666666666666,0.8333333333333334,0.8333333333333334,0.16666666666666666,0.0
92,99,10,18,18,7,7,1,0,0,1,1,0,0,0,0,1,0.5,0.3333333333333333,0.16666666666666666,0.16666666666666666,0.3333333333333333,0.5
93,95,10,13,13,4,4,0,2,2,0,0,0,1,1,0,0,0.5,0.3333333333333333,0.16666666666666666,0.16666666666666666,0.3333333333333333,0.5
94,94,10,12,12,2,2,2,0,0,2,1,0,0,0,0,1,0.16666666666666666,0.3333333333333333,0.5,0.5,0.3333333333333333,0.16666666666666666
95,91,10,5,5,9,9,2,4,4,2,0,0,1,1,0,0,0.16666666666666666,0.3333333333333333,0.5,0.5,0.3333333333333333,0.16666666666666666
96,98,10,17,17,8,8,1,1,1,1,0,1,0,0,1,0,0.8333333333333334,0.16666666666666666,0.0,0.0,0.16666666666666666,0.8333333333333334
97,93,10,11,11,3,3,0,0,0,0,0,1,0,0,1,0,0.6666666666666666,0.16666666666666666,0.16666666666666666,0.16666666666666666,0.16666666666666666,0.6666666666666666
98,100,10,19,19,10,10,0,4,4,0,0,0,1,1,0,0,0.3333333333333333,0.3333333333333333,0.3333333333333333,0.3333333333333333,0.3333333333333333,0.3333333333333333
99,96,10,14,14,16,16,3,1,1,3,1,0,0,0,0,1,0.6666666666666666,0.16666666666666666,0.16666666666666666,0.16666666666666666,0.16666666666666666,0.6666666666666666
100,110,11,20,20,14,14,1,1,1,1,0,1,0,0,1,0,0.3333333333333333,0.3333333333333333,0.3333333333333333,0.3333333333333333,0.3333333333333333,0.3333333333333333
101,104,11,4,4,6,6,5,0,0,5,1,0,0,0,0,1,0.6666666666666666,0.16666666666666666,0.16666666666666666,0.16666666666666666,0.16666666666666666,0.6666666666666666
102,101,11,1,1,17,17,1,1,1,1,0,1,0,0,1,0,0.3333333333333333,0.5,0.16666666666666666,0.16666666666666666,0.5,0.3333333333333333
103,107,11,9,9,18,18,6,1,1,6,1,0,0,0,0,1,0.5,0.3333333333333333,0.16666666666666666,0.16666666666666666,0.3333333333333333,0.5
104,105,11,7,7,13,13,2,1,1,2,1,0,0,0,0,1,0.0,0.3333333333333333,0.6666666666666666,0.6666666666666666,0.3333333333333333,0.0
105,108,11,10,10,12,12,1,1,1,1,0,1,0,0,1,0,0.3333333333333333,0.6666666666666666,0.0,0.0,0.6666666666666666,0.3333333333333333
106,102,11,2,2,15,15,1,2,2,1,0,0,1,1,0,0,0.8333333333333334,0.16666666666666666,0.0,0.0,0.16666666666666666,0.8333333333333334
107,106,11,8,8,19,19,1,2,2,1,0,0,1,1,0,0,0.5,0.5,0.0,0.0,0.5,0.5
108,103,11,3,3,5,5,3,2,2,3,1,0,0,0,0,1,0.5,0.16666666666666666,0.3333333333333333,0.3333333333333333,0.16666666666666666,0.5
109,109,11,16,16,11,11,1,3,3,1,0,0,1,1,0,0,0.3333333333333333,0.3333333333333333,0.3333333333333333,0.3333333333333333,0.3333333333333333,0.3333333333333333
110,118,12,17,17,20,20,3,2,2,3,1,0,0,0,0,1,0.6666666666666666,0.16666666666666666,0.16666666666666666,0.16666666666666666,0.16666666666666666,0.6666666666666666
111,112,12,6,6,16,16,1,1,1,1,0,1,0,0,1,0,0.8333333333333334,0.16666666666666666,0.0,0.0,0.16666666666666666,0.8333333333333334
112,113,12,11,11,1,1,1,1,1,1,0,1,0,0,1,0,0.16666666666666666,0.3333333333333333,0.5,0.5,0.3333333333333333,0.16666666666666666
113,119,12,18,18,8,8,2,1,1,2,1,0,0,0,0,1,0.6666666666666666,0.3333333333333333,0.0,0.0,0.3333333333333333,0.6666666666666666
114,114,12,12,12,4,4,0,1,1,0,0,0,1,1,0,0,0.3333333333333333,0.0,0.6666666666666666,0.6666666666666666,0.0,0.3333333333333333
115,117,12,15,15,7,7,3,0,0,3,1,0,0,0,0,1,0.5,0.16666666666666666,0.3333333333333333,0.3333333333333333,0.16666666666666666,0.5
116,116,12,14,14,2,2,0,1,1,0,0,0,1,1,0,0,0.6666666666666666,0.3333333333333333,0.0,0.0,0.3333333333333333,0.6666666666666666
117,115,12,13,13,9,9,0,0,0,0,0,1,0,0,1,0,0.3333333333333333,0.0,0.6666666666666666,0.6666666666666666,0.0,0.3333333333333333
118,120,12,19,19,3,3,4,0,0,4,1,0,0,0,0,1,0.5,0.3333333333333333,0.16666666666666666,0.16666666666666666,0.3333333333333333,0.5
119,111,12,5,5,10,10,1,2,2,1,0,0,1,1,0,0,0.3333333333333333,0.0,0.6666666666666666,0.6666666666666666,0.0,0.3333333333333333
120,127,13,11,11,20,20,1,1,1,1,0,1,0,0,1,0,0.3333333333333333,0.5,0.16666666666666666,0.16666666666666666,0.5,0.3333333333333333
121,128,13,13,13,6,6,1,0,0,1,1,0,0,0,0,1,0.5,0.3333333333333333,0.16666666666666666,0.16666666666666666,0.3333333333333333,0.5
122,121,13,1,1,2,2,3,1,1,3,1,0,0,0,0,1,0.3333333333333333,0.5,0.16666666666666666,0.16666666666666666,0.5,0.3333333333333333
123,130,13,18,18,14,14,0,1,1,0,0,0,1,1,0,0,0.3333333333333333,0.5,0.16666666666666666,0.16666666666666666,0.5,0.3333333333333333
124,123,13,4,4,17,17,2,1,1,2,1,0,0,0,0,1,0.5,0.5,0.0,0.0,0.5,0.5
125,124,13,7,7,19,19,1,1,1,1,0,1,0,0,1,0,0.3333333333333333,0.16666666666666666,0.5,0.5,0.16666666666666666,0.3333333333333333
126,125,13,8,8,12,12,2,2,2,2,0,1,0,0,1,0,0.16666666666666666,0.6666666666666666,0.16666666666666666,0.16666666666666666,0.6666666666666666,0.16666666666666666
127,126,13,9,9,15,15,2,0,0,2,1,0,0,0,0,1,0.6666666666666666,0.16666666666666666,0.16666666666666666,0.16666666666666666,0.16666666666666666,0.6666666666666666
128,122,13,3,3,10,10,1,2,2,1,0,0,1,1,0,0,0.5,0.0,0.5,0.5,0.0,0.5
129,129,13,16,16,5,5,5,4,4,5,1,0,0,0,0,1,0.3333333333333333,0.3333333333333333,0.3333333333333333,0.3333333333333333,0.3333333333333333,0.3333333333333333
130,140,14,20,20,1,1,1,5,5,1,0,0,1,1,0,0,0.16666666666666666,0.5,0.3333333333333333,0.3333333333333333,0.5,0.16666666666666666
131,133,14,6,6,11,11,1,1,1,1,0,1,0,0,1,0,0.3333333333333333,0.5,0.16666666666666666,0.16666666666666666,0.5,0.3333333333333333
132,139,14,19,19,18,18,3,1,1,3,1,0,0,0,0,1,0.3333333333333333,0.3333333333333333,0.3333333333333333,0.3333333333333333,0.3333333333333333,0.3333333333333333
133,134,14,10,10,4,4,1,3,3,1,0,0,1,1,0,0,0.0,0.5,0.5,0.5,0.5,0.0
134,135,14,12,12,7,7,1,0,0,1,1,0,0,0,0,1,0.6666666666666666,0.0,0.3333333333333333,0.3333333333333333,0.0,0.6666666666666666
135,131,14,2,2,9,9,4,3,3,4,1,0,0,0,0,1,0.16666666666666666,0.3333333333333333,0.5,0.5,0.3333333333333333,0.16666666666666666
136,137,14,15,15,8,8,2,1,1,2,1,0,0,0,0,1,0.5,0.3333333333333333,0.16666666666666666,0.16666666666666666,0.3333333333333333,0.5
137,136,14,14,14,3,3,2,0,0,2,1,0,0,0,0,1,0.6666666666666666,0.16666666666666666,0.16666666666666666,0.16666666666666666,0.16666666666666666,0.6666666666666666
138,132,14,5,5,13,13,3,0,0,3,1,0,0,0,0,1,0.16666666666666666,0.3333333333333333,0.5,0.5,0.3333333333333333,0.16666666666666666
139,138,14,17,17,16,16,5,0,0,5,1,0,0,0,0,1,0.6666666666666666,0.3333333333333333,0.0,0.0,0.3333333333333333,0.6666666666666666
140,146,15,9,9,20,20,2,2,2,2,0,1,0,0,1,0,0.8333333333333334,0.16666666666666666,0.0,0.0,0.16666666666666666,0.8333333333333334
141,148,15,18,18,6,6,3,2,2,3,1,0,0,0,0,1,0.8333333333333334,0.0,0.16666666666666666,0.16666666666666666,0.0,0.8333333333333334
142,141,15,1,1,14,14,3,1,1,3,1,0,0,0,0,1,0.16666666666666666,0.5,0.3333333333333333,0.3333333333333333,0.5,0.16666666666666666
143,143,15,4,4,19,19,1,0,0,1,1,0,0,0,0,1,0.6666666666666666,0.16666666666666666,0.16666666666666666,0.16666666666666666,0.16666666666666666,0.6666666666666666
144,144,15,7,7,5,5,3,3,3,3,0,1,0,0,1,0,0.6666666666666666,0.16666666666666666,0.16666666666666666,0.16666666666666666,0.16666666666666666,0.6666666666666666
145,150,15,13,13,12,12,1,0,0,1,1,0,0,0,0,1,0.16666666666666666,0.6666666666666666,0.16666666666666666,0.16666666666666666,0.6666666666666666,0.16666666666666666
146,142,15,3,3,2,2,3,2,2,3,1,0,0,0,0,1,0.6666666666666666,0.0,0.3333333333333333,0.3333333333333333,0.0,0.6666666666666666
147,147,15,16,16,15,15,3,0,0,3,1,0,0,0,0,1,0.5,0.16666666666666666,0.3333333333333333,0.3333333333333333,0.16666666666666666,0.5
148,145,15,8,8,10,10,4,2,2,4,1,0,0,0,0,1,0.16666666666666666,0.16666666666666666,0.6666666666666666,0.6666666666666666,0.16666666666666666,0.16666666666666666
149,149,15,11,11,17,17,1,0,0,1,1,0,0,0,0,1,0.16666666666666666,0.8333333333333334,0.0,0.0,0.8333333333333334,0.16666666666666666
150,154,16,20,20,3,3,1,0,0,1,1,0,0,0,0,1,0.5,0.3333333333333333,0.16666666666666666,0.16666666666666666,0.3333333333333333,0.5
151,156,16,6,6,1,1,2,1,1,2,1,0,0,0,0,1,0.16666666666666666,0.5,0.3333333333333333,0.3333333333333333,0.5,0.16666666666666666
152,155,16,5,5,11,11,1,2,2,1,0,0,1,1,0,0,0.3333333333333333,0.16666666666666666,0.5,0.5,0.16666666666666666,0.3333333333333333
153,157,16,10,10,18,18,2,0,0,2,1,0,0,0,0,1,0.3333333333333333,0.5,0.16666666666666666,0.16666666666666666,0.5,0.3333333333333333
154,152,16,15,15,4,4,0,1,1,0,0,0,1,1,0,0,0.3333333333333333,0.0,0.6666666666666666,0.6666666666666666,0.0,0.3333333333333333
155,160,16,17,17,7,7,3,0,0,3,1,0,0,0,0,1,0.8333333333333334,0.16666666666666666,0.0,0.0,0.16666666666666666,0.8333333333333334
156,158,16,12,12,9,9,0,3,3,0,0,0,1,1,0,0,0.5,0.16666666666666666,0.3333333333333333,0.3333333333333333,0.16666666666666666,0.5
157,151,16,2,2,8,8,1,0,0,1,1,0,0,0,0,1,0.5,0.3333333333333333,0.16666666666666666,0.16666666666666666,0.3333333333333333,0.5
158,159,16,14,14,13,13,0,0,0,0,0,1,0,0,1,0,0.6666666666666666,0.16666666666666666,0.16666666666666666,0.16666666666666666,0.16666666666666666,0.6666666666666666
159,153,16,19,19,16,16,3,1,1,3,1,0,0,0,0,1,0.6666666666666666,0.16666666666666666,0.16666666666666666,0.16666666666666666,0.16666666666666666,0.6666666666666666
160,170,17,20,20,7,7,1,0,0,1,1,0,0,0,0,1,0.6666666666666666,0.16666666666666666,0.16666666666666666,0.16666666666666666,0.16666666666666666,0.6666666666666666
161,163,17,6,6,9,9,0,1,1,0,0,0,1,1,0,0,0.3333333333333333,0.5,0.16666666666666666,0.16666666666666666,0.5,0.3333333333333333
162,164,17,10,10,1,1,2,1,1,2,1,0,0,0,0,1,0.3333333333333333,0.3333333333333333,0.3333333333333333,0.3333333333333333,0.3333333333333333,0.3333333333333333
163,162,17,5,5,4,4,0,1,1,0,0,0,1,1,0,0,0.16666666666666666,0.0,0.8333333333333334,0.8333333333333334,0.0,0.16666666666666666
164,167,17,15,15,18,18,1,0,0,1,1,0,0,0,0,1,0.8333333333333334,0.0,0.16666666666666666,0.16666666666666666,0.0,0.8333333333333334
165,165,17,12,12,16,16,3,0,0,3,1,0,0,0,0,1,0.5,0.16666666666666666,0.3333333333333333,0.3333333333333333,0.16666666666666666,0.5
166,161,17,2,2,13,13,1,3,3,1,0,0,1,1,0,0,0.6666666666666666,0.16666666666666666,0.16666666666666666,0.16666666666666666,0.16666666666666666,0.6666666666666666
167,166,17,14,14,8,8,2,2,2,2,0,1,0,0,1,0,0.6666666666666666,0.16666666666666666,0.16666666666666666,0.16666666666666666,0.16666666666666666,0.6666666666666666
168,168,17,17,17,3,3,2,1,1,2,1,0,0,0,0,1,1.0,0.0,0.0,0.0,0.0,1.0
169,169,17,19,19,11,11,0,2,2,0,0,0,1,1,0,0,0.5,0.16666666666666666,0.3333333333333333,0.3333333333333333,0.16666666666666666,0.5
170,179,18,16,16,20,20,1,4,4,1,0,0,1,1,0,0,0.5,0.3333333333333333,0.16666666666666666,0.16666666666666666,0.3333333333333333,0.5
171,175,18,8,8,6,6,0,2,2,0,0,0,1,1,0,0,0.6666666666666666,0.16666666666666666,0.16666666666666666,0.16666666666666666,0.16666666666666666,0.6666666666666666
172,171,18,1,1,19,19,1,0,0,1,1,0,0,0,0,1,0.5,0.3333333333333333,0.16666666666666666,0.16666666666666666,0.3333333333333333,0.5
173,180,18,18,18,5,5,1,1,1,1,0,1,0,0,1,0,0.6666666666666666,0.16666666666666666,0.16666666666666666,0.16666666666666666,0.16666666666666666,0.6666666666666666
174,173,18,4,4,2,2,3,0,0,3,1,0,0,0,0,1,0.8333333333333334,0.0,0.16666666666666666,0.16666666666666666,0.0,0.8333333333333334
175,174,18,7,7,10,10,0,3,3,0,0,0,1,1,0,0,0.3333333333333333,0.3333333333333333,0.3333333333333333,0.3333333333333333,0.3333333333333333,0.3333333333333333
176,172,18,3,3,12,12,1,0,0,1,1,0,0,0,0,1,0.5,0.3333333333333333,0.16666666666666666,0.16666666666666666,0.3333333333333333,0.5
177,176,18,9,9,14,14,4,1,1,4,1,0,0,0,0,1,0.5,0.3333333333333333,0.16666666666666666,0.16666666666666666,0.3333333333333333,0.5
178,177,18,11,11,15,15,3,1,1,3,1,0,0,0,0,1,0.5,0.3333333333333333,0.16666666666666666,0.16666666666666666,0.3333333333333333,0.5
179,178,18,13,13,17,17,1,4,4,1,0,0,1,1,0,0,0.6666666666666666,0.3333333333333333,0.0,0.0,0.3333333333333333,0.6666666666666666
180,185,19,8,8,20,20,1,0,0,1,1,0,0,0,0,1,0.16666666666666666,0.5,0.3333333333333333,0.3333333333333333,0.5,0.16666666666666666
181,184,19,7,7,6,6,2,2,2,2,0,1,0,0,1,0,0.3333333333333333,0.3333333333333333,0.3333333333333333,0.3333333333333333,0.3333333333333333,0.3333333333333333
182,181,19,1,1,5,5,2,0,0,2,1,0,0,0,0,1,0.6666666666666666,0.3333333333333333,0.0,0.0,0.3333333333333333,0.6666666666666666
183,190,19,18,18,17,17,1,4,4,1,0,0,1,1,0,0,0.5,0.16666666666666666,0.3333333333333333,0.3333333333333333,0.16666666666666666,0.5
184,183,19,4,4,14,14,4,2,2,4,1,0,0,0,0,1,0.8333333333333334,0.0,0.16666666666666666,0.16666666666666666,0.0,0.8333333333333334
185,187,19,11,11,12,12,2,1,1,2,1,0,0,0,0,1,0.6666666666666666,0.3333333333333333,0.0,0.0,0.3333333333333333,0.6666666666666666
186,189,19,16,16,2,2,0,3,3,0,0,0,1,1,0,0,0.8333333333333334,0.0,0.16666666666666666,0.16666666666666666,0.0,0.8333333333333334
187,186,19,9,9,10,10,1,0,0,1,1,0,0,0,0,1,0.5,0.16666666666666666,0.3333333333333333,0.3333333333333333,0.16666666666666666,0.5
188,182,19,3,3,15,15,4,1,1,4,1,0,0,0,0,1,0.8333333333333334,0.0,0.16666666666666666,0.16666666666666666,0.0,0.8333333333333334
189,188,19,13,13,19,19,1,2,2,1,0,0,1,1,0,0,0.6666666666666666,0.16666666666666666,0.16666666666666666,0.16666666666666666,0.16666666666666666,0.6666666666666666
190,200,20,20,20,11,11,0,2,2,0,0,0,1,1,0,0,0.3333333333333333,0.16666666666666666,0.5,0.5,0.16666666666666666,0.3333333333333333
191,193,20,6,6,13,13,3,0,0,3,1,0,0,0,0,1,0.3333333333333333,0.3333333333333333,0.3333333333333333,0.3333333333333333,0.3333333333333333,0.3333333333333333
192,191,20,2,2,1,1,3,3,3,3,0,1,0,0,1,0,0.6666666666666666,0.0,0.3333333333333333,0.3333333333333333,0.0,0.6666666666666666
193,192,20,5,5,16,16,1,2,2,1,0,0,1,1,0,0,0.6666666666666666,0.0,0.3333333333333333,0.3333333333333333,0.0,0.6666666666666666
194,196,20,14,14,18,18,2,0,0,2,1,0,0,0,0,1,0.6666666666666666,0.3333333333333333,0.0,0.0,0.3333333333333333,0.6666666666666666
195,198,20,17,17,4,4,2,0,0,2,1,0,0,0,0,1,0.5,0.0,0.5,0.5,0.0,0.5
196,199,20,19,19,7,7,3,1,1,3,1,0,0,0,0,1,0.8333333333333334,0.0,0.16666666666666666,0.16666666666666666,0.0,0.8333333333333334
197,195,20,12,12,8,8,0,0,0,0,0,1,0,0,1,0,0.6666666666666666,0.16666666666666666,0.16666666666666666,0.16666666666666666,0.16666666666666666,0.6666666666666666
198,197,20,15,15,9,9,2,2,2,2,0,1,0,0,1,0,0.5,0.0,0.5,0.5,0.0,0.5
199,194,20,10,10,3,3,2,1,1,2,1,0,0,0,0,1,0.8333333333333334,0.0,0.16666666666666666,0.16666666666666666,0.0,0.8333333333333334
200,210,21,20,20,5,5,3,0,0,3,1,0,0,0,0,1,0.5,0.3333333333333333,0.16666666666666666,0.16666666666666666,0.3333333333333333,0.5
201,202,21,6,6,10,10,4,0,0,4,1,0,0,0,0,1,0.6666666666666666,0.0,0.3333333333333333,0.3333333333333333,0.0,0.6666666666666666
202,207,21,16,16,1,1,0,4,4,0,0,0,1,1,0,0,0.5,0.16666666666666666,0.3333333333333333,0.3333333333333333,0.16666666666666666,0.5
203,209,21,18,18,12,12,0,0,0,0,0,1,0,0,1,0,0.6666666666666666,0.16666666666666666,0.16666666666666666,0.16666666666666666,0.16666666666666666,0.6666666666666666
204,204,21,8,8,4,4,0,3,3,0,0,0,1,1,0,0,0.5,0.0,0.5,0.5,0.0,0.5
205,203,21,7,7,2,2,3,1,1,3,1,0,0,0,0,1,0.3333333333333333,0.3333333333333333,0.3333333333333333,0.3333333333333333,0.3333333333333333,0.3333333333333333
206,205,21,11,11,9,9,1,1,1,1,0,1,0,0,1,0,0.5,0.16666666666666666,0.3333333333333333,0.3333333333333333,0.16666666666666666,0.5
207,206,21,15,15,14,14,1,3,3,1,0,0,1,1,0,0,0.6666666666666666,0.16666666666666666,0.16666666666666666,0.16666666666666666,0.16666666666666666,0.6666666666666666
208,201,21,3,3,13,13,1,0,0,1,1,0,0,0,0,1,0.6666666666666666,0.16666666666666666,0.16666666666666666,0.16666666666666666,0.16666666666666666,0.6666666666666666
209,208,21,17,17,19,19,4,0,0,4,1,0,0,0,0,1,0.8333333333333334,0.0,0.16666666666666666,0.16666666666666666,0.0,0.8333333333333334
210,217,22,12,12,20,20,1,3,3,1,0,0,1,1,0,0,0.3333333333333333,0.3333333333333333,0.3333333333333333,0.3333333333333333,0.3333333333333333,0.3333333333333333
211,214,22,5,5,6,6,0,1,1,0,0,0,1,1,0,0,0.16666666666666666,0.16666666666666666,0.6666666666666666,0.6666666666666666,0.16666666666666666,0.16666666666666666
212,211,22,1,1,3,3,2,1,1,2,1,0,0,0,0,1,1.0,0.0,0.0,0.0,0.0,1.0
213,212,22,2,2,18,18,2,2,2,2,0,1,0,0,1,0,0.6666666666666666,0.16666666666666666,0.16666666666666666,0.16666666666666666,0.16666666666666666,0.6666666666666666
214,213,22,4,4,7,7,2,0,0,2,1,0,0,0,0,1,1.0,0.0,0.0,0.0,0.0,1.0
215,215,22,9,9,16,16,2,3,3,2,0,0,1,1,0,0,0.6666666666666666,0.16666666666666666,0.16666666666666666,0.16666666666666666,0.16666666666666666,0.6666666666666666
216,220,22,19,19,15,15,2,0,0,2,1,0,0,0,0,1,0.8333333333333334,0.0,0.16666666666666666,0.16666666666666666,0.0,0.8333333333333334
217,218,22,13,13,8,8,3,0,0,3,1,0,0,0,0,1,0.3333333333333333,0.3333333333333333,0.3333333333333333,0.3333333333333333,0.3333333333333333,0.3333333333333333
218,216,22,10,10,17,17,2,2,2,2,0,1,0,0,1,0,0.6666666666666666,0.0,0.3333333333333333,0.3333333333333333,0.0,0.6666666666666666
219,219,22,14,14,11,11,1,1,1,1,0,1,0,0,1,0,0.16666666666666666,0.3333333333333333,0.5,0.5,0.3333333333333333,0.16666666666666666
220,227,23,20,20,10,10,0,4,4,0,0,0,1,1,0,0,0.6666666666666666,0.0,0.3333333333333333,0.3333333333333333,0.0,0.6666666666666666
221,230,23,14,14,6,6,1,1,1,1,0,1,0,0,1,0,0.16666666666666666,0.5,0.3333333333333333,0.3333333333333333,0.5,0.16666666666666666
222,221,23,1,1,18,18,1,2,2,1,0,0,1,1,0,0,0.8333333333333334,0.16666666666666666,0.0,0.0,0.16666666666666666,0.8333333333333334
223,222,23,2,2,5,5,0,2,2,0,0,0,1,1,0,0,0.3333333333333333,0.5,0.16666666666666666,0.16666666666666666,0.5,0.3333333333333333
224,228,23,9,9,4,4,1,1,1,1,0,1,0,0,1,0,0.5,0.0,0.5,0.5,0.0,0.5
225,229,23,11,11,7,7,0,0,0,0,0,1,0,0,1,0,0.8333333333333334,0.16666666666666666,0.0,0.0,0.16666666666666666,0.8333333333333334
226,224,23,12,12,19,19,1,1,1,1,0,1,0,0,1,0,0.5,0.16666666666666666,0.3333333333333333,0.3333333333333333,0.16666666666666666,0.5
227,225,23,15,15,17,17,0,0,0,0,0,1,0,0,1,0,0.16666666666666666,0.3333333333333333,0.5,0.5,0.3333333333333333,0.16666666666666666
228,223,23,3,3,8,8,1,0,0,1,1,0,0,0,0,1,0.6666666666666666,0.3333333333333333,0.0,0.0,0.3333333333333333,0.6666666666666666
229,226,23,16,16,13,13,2,1,1,2,1,0,0,0,0,1,0.3333333333333333,0.0,0.6666666666666666,0.6666666666666666,0.0,0.3333333333333333
230,237,24,13,13,20,20,1,3,3,1,0,0,1,1,0,0,0.3333333333333333,0.0,0.6666666666666666,0.6666666666666666,0.0,0.3333333333333333
231,233,24,6,6,2,2,6,3,3,6,1,0,0,0,0,1,0.6666666666666666,0.0,0.3333333333333333,0.3333333333333333,0.0,0.6666666666666666
232,231,24,4,4,1,1,3,1,1,3,1,0,0,0,0,1,0.6666666666666666,0.16666666666666666,0.16666666666666666,0.16666666666666666,0.16666666666666666,0.6666666666666666
233,232,24,5,5,15,15,0,4,4,0,0,0,1,1,0,0,0.5,0.0,0.5,0.5,0.0,0.5
234,239,24,18,18,3,3,2,1,1,2,1,0,0,0,0,1,0.5,0.3333333333333333,0.16666666666666666,0.16666666666666666,0.3333333333333333,0.5
235,234,24,7,7,9,9,2,0,0,2,1,0,0,0,0,1,0.16666666666666666,0.5,0.3333333333333333,0.3333333333333333,0.5,0.16666666666666666
236,238,24,17,17,12,12,1,0,0,1,1,0,0,0,0,1,0.8333333333333334,0.16666666666666666,0.0,0.0,0.16666666666666666,0.8333333333333334
237,235,24,8,8,11,11,0,3,3,0,0,0,1,1,0,0,0.16666666666666666,0.16666666666666666,0.6666666666666666,0.6666666666666666,0.16666666666666666,0.16666666666666666
238,236,24,10,10,16,16,2,1,1,2,1,0,0,0,0,1,0.5,0.16666666666666666,0.3333333333333333,0.3333333333333333,0.16666666666666666,0.5
239,240,24,19,19,14,14,1,0,0,1,1,0,0,0,0,1,0.6666666666666666,0.0,0.3333333333333333,0.3333333333333333,0.0,0.6666666666666666
240,250,25,20,20,19,19,2,2,2,2,0,1,0,0,1,0,0.3333333333333333,0.16666666666666666,0.5,0.5,0.16666666666666666,0.3333333333333333
241,246,25,12,12,6,6,0,0,0,0,0,1,0,0,1,0,0.0,0.6666666666666666,0.3333333333333333,0.3333333333333333,0.6666666666666666,0.0
242,241,25,1,1,7,7,2,0,0,2,1,0,0,0,0,1,0.6666666666666666,0.16666666666666666,0.16666666666666666,0.16666666666666666,0.16666666666666666,0.6666666666666666
243,247,25,14,14,5,5,1,0,0,1,1,0,0,0,0,1,0.5,0.3333333333333333,0.16666666666666666,0.16666666666666666,0.3333333333333333,0.5
244,245,25,11,11,18,18,2,0,0,2,1,0,0,0,0,1,0.3333333333333333,0.5,0.16666666666666666,0.16666666666666666,0.5,0.3333333333333333
245,243,25,3,3,4,4,1,1,1,1,0,1,0,0,1,0,0.6666666666666666,0.16666666666666666,0.16666666666666666,0.16666666666666666,0.16666666666666666,0.6666666666666666
246,242,25,2,2,10,10,0,2,2,0,0,0,1,1,0,0,0.3333333333333333,0.3333333333333333,0.3333333333333333,0.3333333333333333,0.3333333333333333,0.3333333333333333
247,244,25,9,9,17,17,2,0,0,2,1,0,0,0,0,1,0.16666666666666666,0.5,0.3333333333333333,0.3333333333333333,0.5,0.16666666666666666
248,248,25,15,15,13,13,0,4,4,0,0,0,1,1,0,0,0.5,0.3333333333333333,0.16666666666666666,0.16666666666666666,0.3333333333333333,0.5
249,249,25,16,16,8,8,2,0,0,2,1,0,0,0,0,1,0.5,0.16666666666666666,0.3333333333333333,0.3333333333333333,0.16666666666666666,0.5
250,259,26,18,18,20,20,1,1,1,1,0,1,0,0,1,0,0.3333333333333333,0.16666666666666666,0.5,0.5,0.16666666666666666,0.3333333333333333
251,253,26,6,6,15,15,2,0,0,2,1,0,0,0,0,1,0.8333333333333334,0.0,0.16666666666666666,0.16666666666666666,0.0,0.8333333333333334
252,252,26,5,5,12,12,1,0,0,1,1,0,0,0,0,1,0.3333333333333333,0.16666666666666666,0.5,0.5,0.16666666666666666,0.3333333333333333
253,251,26,4,4,16,16,3,1,1,3,1,0,0,0,0,1,0.6666666666666666,0.0,0.3333333333333333,0.3333333333333333,0.0,0.6666666666666666
254,254,26,7,7,3,3,1,1,1,1,0,1,0,0,1,0,0.8333333333333334,0.16666666666666666,0.0,0.0,0.16666666666666666,0.8333333333333334
255,260,26,19,19,2,2,2,1,1,2,1,0,0,0,0,1,0.8333333333333334,0.0,0.16666666666666666,0.16666666666666666,0.0,0.8333333333333334
256,255,26,8,8,9,9,3,1,1,3,1,0,0,0,0,1,0.3333333333333333,0.3333333333333333,0.3333333333333333,0.3333333333333333,0.3333333333333333,0.3333333333333333
257,258,26,17,17,14,14,4,0,0,4,1,0,0,0,0,1,0.8333333333333334,0.0,0.16666666666666666,0.16666666666666666,0.0,0.8333333333333334
258,270,27,20,20,4,4,1,2,2,1,0,0,1,1,0,0,0.16666666666666666,0.5,0.3333333333333333,0.3333333333333333,0.5,0.16666666666666666
259,267,27,17,17,6,6,3,2,2,3,1,0,0,0,0,1,0.5,0.3333333333333333,0.16666666666666666,0.16666666666666666,0.3333333333333333,0.5
260,262,27,9,9,1,1,3,1,1,3,1,0,0,0,0,1,0.3333333333333333,0.3333333333333333,0.3333333333333333,0.3333333333333333,0.3333333333333333,0.3333333333333333
261,269,27,19,19,5,5,0,2,2,0,0,0,1,1,0,0,0.8333333333333334,0.0,0.16666666666666666,0.16666666666666666,0.0,0.8333333333333334
262,268,27,18,18,13,13,3,4,4,3,0,0,1,1,0,0,0.5,0.3333333333333333,0.16666666666666666,0.16666666666666666,0.3333333333333333,0.5
263,261,27,8,8,7,7,3,1,1,3,1,0,0,0,0,1,0.5,0.16666666666666666,0.3333333333333333,0.3333333333333333,0.16666666666666666,0.5
264,264,27,14,14,12,12,2,0,0,2,1,0,0,0,0,1,0.5,0.5,0.0,0.0,0.5,0.5
265,263,27,11,11,2,2,1,1,1,1,0,1,0,0,1,0,0.6666666666666666,0.3333333333333333,0.0,0.0,0.3333333333333333,0.6666666666666666
266,265,27,15,15,10,10,0,2,2,0,0,0,1,1,0,0,0.16666666666666666,0.16666666666666666,0.6666666666666666,0.6666666666666666,0.16666666666666666,0.16666666666666666
267,266,27,16,16,3,3,3,2,2,3,1,0,0,0,0,1,0.6666666666666666,0.16666666666666666,0.16666666666666666,0.16666666666666666,0.16666666666666666,0.6666666666666666
268,277,27,10,10,14,14,0,0,0,0,0,1,0,0,1,0,0.6666666666666666,0.16666666666666666,0.16666666666666666,0.16666666666666666,0.16666666666666666,0.6666666666666666
269,272,28,2,2,20,20,3,2,2,3,1,0,0,0,0,1,0.0,0.3333333333333333,0.6666666666666666,0.6666666666666666,0.3333333333333333,0.0
270,275,28,6,6,19,19,3,0,0,3,1,0,0,0,0,1,0.6666666666666666,0.3333333333333333,0.0,0.0,0.3333333333333333,0.6666666666666666
271,276,28,7,7,16,16,2,1,1,2,1,0,0,0,0,1,0.6666666666666666,0.16666666666666666,0.16666666666666666,0.16666666666666666,0.16666666666666666,0.6666666666666666
272,280,28,9,9,3,3,2,1,1,2,1,0,0,0,0,1,0.6666666666666666,0.3333333333333333,0.0,0.0,0.3333333333333333,0.6666666666666666
273,290,29,20,20,8,8,2,3,3,2,0,0,1,1,0,0,0.5,0.16666666666666666,0.3333333333333333,0.3333333333333333,0.16666666666666666,0.5
274,283,29,6,6,7,7,4,0,0,4,1,0,0,0,0,1,0.8333333333333334,0.16666666666666666,0.0,0.0,0.16666666666666666,0.8333333333333334
275,289,29,19,19,1,1,3,1,1,3,1,0,0,0,0,1,0.6666666666666666,0.0,0.3333333333333333,0.3333333333333333,0.0,0.6666666666666666
276,282,29,5,5,18,18,1,0,0,1,1,0,0,0,0,1,0.3333333333333333,0.16666666666666666,0.5,0.5,0.16666666666666666,0.3333333333333333
277,286,29,14,14,4,4,1,2,2,1,0,0,1,1,0,0,0.3333333333333333,0.5,0.16666666666666666,0.16666666666666666,0.5,0.3333333333333333
278,285,29,12,12,11,11,1,3,3,1,0,0,1,1,0,0,0.0,0.5,0.5,0.5,0.5,0.0
279,281,29,2,2,16,16,2,0,0,2,1,0,0,0,0,1,0.6666666666666666,0.0,0.3333333333333333,0.3333333333333333,0.0,0.6666666666666666
280,284,29,10,10,9,9,1,1,1,1,0,1,0,0,1,0,0.5,0.5,0.0,0.0,0.5,0.5
281,287,29,15,15,3,3,0,0,0,0,0,1,0,0,1,0,0.3333333333333333,0.3333333333333333,0.3333333333333333,0.3333333333333333,0.3333333333333333,0.3333333333333333
282,288,29,17,17,13,13,2,1,1,2,1,0,0,0,0,1,0.6666666666666666,0.0,0.3333333333333333,0.3333333333333333,0.0,0.6666666666666666
283,294,30,7,7,20,20,2,1,1,2,1,0,0,0,0,1,0.5,0.3333333333333333,0.16666666666666666,0.16666666666666666,0.3333333333333333,0.5
284,296,30,9,9,6,6,3,1,1,3,1,0,0,0,0,1,0.6666666666666666,0.3333333333333333,0.0,0.0,0.3333333333333333,0.6666666666666666
285,291,30,1,1,10,10,2,2,2,2,0,1,0,0,1,0,0.3333333333333333,0.0,0.6666666666666666,0.6666666666666666,0.0,0.3333333333333333
286,293,30,4,4,5,5,1,2,2,1,0,0,1,1,0,0,0.6666666666666666,0.0,0.3333333333333333,0.3333333333333333,0.0,0.6666666666666666
287,300,30,18,18,15,15,1,0,0,1,1,0,0,0,0,1,0.5,0.16666666666666666,0.3333333333333333,0.3333333333333333,0.16666666666666666,0.5
288,299,30,16,16,12,12,0,0,0,0,0,1,0,0,1,0,1.0,0.0,0.0,0.0,0.0,1.0
289,298,30,13,13,2,2,0,0,0,0,0,1,0,0,1,0,0.5,0.16666666666666666,0.3333333333333333,0.3333333333333333,0.16666666666666666,0.5
290,295,30,8,8,14,14,2,0,0,2,1,0,0,0,0,1,0.6666666666666666,0.16666666666666666,0.16666666666666666,0.16666666666666666,0.16666666666666666,0.6666666666666666
291,292,30,3,3,17,17,0,2,2,0,0,0,1,1,0,0,0.5,0.5,0.0,0.0,0.5,0.5
292,297,30,11,11,19,19,0,0,0,0,0,1,0,0,1,0,0.3333333333333333,0.6666666666666666,0.0,0.0,0.6666666666666666,0.3333333333333333
293,301,31,1,1,20,20,3,0,0,3,1,0,0,0,0,1,0.5,0.3333333333333333,0.16666666666666666,0.16666666666666666,0.3333333333333333,0.5
294,305,31,11,11,6,6,1,1,1,1,0,1,0,0,1,0,0.5,0.5,0.0,0.0,0.5,0.5
295,310,31,13,13,5,5,3,1,1,3,1,0,0,0,0,1,0.3333333333333333,0.16666666666666666,0.5,0.5,0.16666666666666666,0.3333333333333333
296,307,31,18,18,19,19,2,0,0,2,1,0,0,0,0,1,0.3333333333333333,0.5,0.16666666666666666,0.16666666666666666,0.5,0.3333333333333333
297,308,31,4,4,10,10,2,1,1,2,1,0,0,0,0,1,0.3333333333333333,0.16666666666666666,0.5,0.5,0.16666666666666666,0.3333333333333333
298,303,31,7,7,12,12,4,2,2,4,1,0,0,0,0,1,0.6666666666666666,0.3333333333333333,0.0,0.0,0.3333333333333333,0.6666666666666666
299,309,31,9,9,2,2,2,2,2,2,0,1,0,0,1,0,0.6666666666666666,0.3333333333333333,0.0,0.0,0.3333333333333333,0.6666666666666666
300,304,31,8,8,15,15,2,0,0,2,1,0,0,0,0,1,0.8333333333333334,0.0,0.16666666666666666,0.16666666666666666,0.0,0.8333333333333334
301,302,31,3,3,14,14,1,0,0,1,1,0,0,0,0,1,0.5,0.3333333333333333,0.16666666666666666,0.16666666666666666,0.3333333333333333,0.5
302,306,31,16,16,17,17,1,3,3,1,0,0,1,1,0,0,0.5,0.3333333333333333,0.16666666666666666,0.16666666666666666,0.3333333333333333,0.5
303,320,32,20,20,16,16,1,0,0,1,1,0,0,0,0,1,0.5,0.16666666666666666,0.3333333333333333,0.3333333333333333,0.16666666666666666,0.5
304,313,32,6,6,8,8,4,2,2,4,1,0,0,0,0,1,0.8333333333333334,0.0,0.16666666666666666,0.16666666666666666,0.0,0.8333333333333334
305,312,32,5,5,1,1,3,0,0,3,1,0,0,0,0,1,0.8333333333333334,0.0,0.16666666666666666,0.16666666666666666,0.0,0.8333333333333334
306,318,32,17,17,18,18,4,0,0,4,1,0,0,0,0,1,0.8333333333333334,0.0,0.16666666666666666,0.16666666666666666,0.0,0.8333333333333334
307,311,32,2,2,4,4,1,3,3,1,0,0,1,1,0,0,0.3333333333333333,0.16666666666666666,0.5,0.5,0.16666666666666666,0.3333333333333333
308,314,32,10,10,7,7,3,1,1,3,1,0,0,0,0,1,0.6666666666666666,0.3333333333333333,0.0,0.0,0.3333333333333333,0.6666666666666666
309,315,32,12,12,3,3,0,0,0,0,0,1,0,0,1,0,0.3333333333333333,0.5,0.16666666666666666,0.16666666666666666,0.5,0.3333333333333333
310,316,32,14,14,9,9,1,2,2,1,0,0,1,1,0,0,0.6666666666666666,0.16666666666666666,0.16666666666666666,0.16666666666666666,0.16666666666666666,0.6666666666666666
311,317,32,15,15,11,11,0,3,3,0,0,0,1,1,0,0,0.0,0.3333333333333333,0.6666666666666666,0.6666666666666666,0.3333333333333333,0.0
312,319,32,19,19,13,13,0,1,1,0,0,0,1,1,0,0,0.5,0.0,0.5,0.5,0.0,0.5
313,327,33,15,15,20,20,2,2,2,2,0,1,0,0,1,0,0.5,0.16666666666666666,0.3333333333333333,0.3333333333333333,0.16666666666666666,0.5
314,322,33,6,6,3,3,3,1,1,3,1,0,0,0,0,1,0.6666666666666666,0.3333333333333333,0.0,0.0,0.3333333333333333,0.6666666666666666
315,324,33,12,12,1,1,1,2,2,1,0,0,1,1,0,0,0.5,0.3333333333333333,0.16666666666666666,0.16666666666666666,0.3333333333333333,0.5
316,321,33,5,5,8,8,2,2,2,2,0,1,0,0,1,0,0.8333333333333334,0.0,0.16666666666666666,0.16666666666666666,0.0,0.8333333333333334
317,329,33,18,18,16,16,1,0,0,1,1,0,0,0,0,1,0.8333333333333334,0.0,0.16666666666666666,0.16666666666666666,0.0,0.8333333333333334
318,323,33,11,11,4,4,2,0,0,2,1,0,0,0,0,1,0.0,0.5,0.5,0.5,0.5,0.0
319,326,33,14,14,7,7,3,1,1,3,1,0,0,0,0,1,0.6666666666666666,0.0,0.3333333333333333,0.3333333333333333,0.0,0.6666666666666666
320,328,33,17,17,2,2,4,0,0,4,1,0,0,0,0,1,0.5,0.5,0.0,0.0,0.5,0.5
321,330,33,19,19,9,9,0,1,1,0,0,0,1,1,0,0,0.3333333333333333,0.16666666666666666,0.5,0.5,0.16666666666666666,0.3333333333333333
322,325,33,13,13,10,10,0,3,3,0,0,0,1,1,0,0,0.3333333333333333,0.3333333333333333,0.3333333333333333,0.3333333333333333,0.3333333333333333,0.3333333333333333
323,340,34,20,20,6,6,0,0,0,0,0,1,0,0,1,0,0.5,0.16666666666666666,0.3333333333333333,0.3333333333333333,0.16666666666666666,0.5
324,271,34,1,1,8,8,1,0,0,1,1,0,0,0,0,1,0.5,0.3333333333333333,0.16666666666666666,0.16666666666666666,0.3333333333333333,0.5
325,337,34,9,9,5,5,1,2,2,1,0,0,1,1,0,0,0.5,0.16666666666666666,0.3333333333333333,0.3333333333333333,0.16666666666666666,0.5
326,274,34,5,5,17,17,0,1,1,0,0,0,1,1,0,0,0.5,0.16666666666666666,0.3333333333333333,0.3333333333333333,0.16666666666666666,0.5
327,335,34,7,7,18,18,2,0,0,2,1,0,0,0,0,1,1.0,0.0,0.0,0.0,0.0,1.0
328,334,34,4,4,13,13,4,2,2,4,1,0,0,0,0,1,0.5,0.0,0.5,0.5,0.0,0.5
329,332,34,2,2,12,12,4,0,0,4,1,0,0,0,0,1,0.6666666666666666,0.16666666666666666,0.16666666666666666,0.16666666666666666,0.16666666666666666,0.6666666666666666
330,278,34,12,12,15,15,1,0,0,1,1,0,0,0,0,1,0.5,0.16666666666666666,0.3333333333333333,0.3333333333333333,0.16666666666666666,0.5
331,333,34,3,3,11,11,0,2,2,0,0,0,1,1,0,0,0.16666666666666666,0.16666666666666666,0.6666666666666666,0.6666666666666666,0.16666666666666666,0.16666666666666666
332,256,34,10,10,11,11,0,0,0,0,0,1,0,0,1,0,0.16666666666666666,0.3333333333333333,0.5,0.5,0.3333333333333333,0.16666666666666666
333,339,34,16,16,14,14,2,0,0,2,1,0,0,0,0,1,0.5,0.3333333333333333,0.16666666666666666,0.16666666666666666,0.3333333333333333,0.5
334,346,35,14,14,20,20,0,0,0,0,0,1,0,0,1,0,0.5,0.16666666666666666,0.3333333333333333,0.3333333333333333,0.16666666666666666,0.5
335,342,35,6,6,4,4,0,3,3,0,0,0,1,1,0,0,0.6666666666666666,0.0,0.3333333333333333,0.3333333333333333,0.0,0.6666666666666666
336,348,35,17,17,1,1,2,0,0,2,1,0,0,0,0,1,0.8333333333333334,0.0,0.16666666666666666,0.16666666666666666,0.0,0.8333333333333334
337,341,35,5,5,3,3,0,2,2,0,0,0,1,1,0,0,0.3333333333333333,0.5,0.16666666666666666,0.16666666666666666,0.5,0.3333333333333333
338,349,35,18,18,9,9,0,1,1,0,0,0,1,1,0,0,0.5,0.16666666666666666,0.3333333333333333,0.3333333333333333,0.16666666666666666,0.5
339,345,35,13,13,7,7,0,0,0,0,0,1,0,0,1,0,0.6666666666666666,0.16666666666666666,0.16666666666666666,0.16666666666666666,0.16666666666666666,0.6666666666666666
340,344,35,12,12,10,10,2,2,2,2,0,1,0,0,1,0,0.3333333333333333,0.3333333333333333,0.3333333333333333,0.3333333333333333,0.3333333333333333,0.3333333333333333
341,347,35,15,15,2,2,0,1,1,0,0,0,1,1,0,0,0.16666666666666666,0.6666666666666666,0.16666666666666666,0.16666666666666666,0.6666666666666666,0.16666666666666666
342,350,35,19,19,8,8,0,1,1,0,0,0,1,1,0,0,0.5,0.16666666666666666,0.3333333333333333,0.3333333333333333,0.16666666666666666,0.5
343,343,35,11,11,16,16,1,1,1,1,0,1,0,0,1,0,0.6666666666666666,0.3333333333333333,0.0,0.0,0.3333333333333333,0.6666666666666666
344,360,36,20,20,17,17,1,0,0,1,1,0,0,0,0,1,0.16666666666666666,0.16666666666666666,0.6666666666666666,0.6666666666666666,0.16666666666666666,0.16666666666666666
345,359,36,16,16,6,6,1,0,0,1,1,0,0,0,0,1,0.3333333333333333,0.5,0.16666666666666666,0.16666666666666666,0.5,0.3333333333333333
346,351,36,1,1,11,11,2,0,0,2,1,0,0,0,0,1,0.3333333333333333,0.3333333333333333,0.3333333333333333,0.3333333333333333,0.3333333333333333,0.3333333333333333
347,257,36,13,13,1,1,0,2,2,0,0,0,1,1,0,0,0.5,0.16666666666666666,0.3333333333333333,0.3333333333333333,0.16666666666666666,0.5
348,358,36,10,10,5,5,5,0,0,5,1,0,0,0,0,1,0.3333333333333333,0.3333333333333333,0.3333333333333333,0.3333333333333333,0.3333333333333333,0.3333333333333333
349,356,36,8,8,18,18,3,0,0,3,1,0,0,0,0,1,1.0,0.0,0.0,0.0,0.0,1.0
350,354,36,4,4,12,12,3,0,0,3,1,0,0,0,0,1,0.6666666666666666,0.16666666666666666,0.16666666666666666,0.16666666666666666,0.16666666666666666,0.6666666666666666
351,355,36,7,7,15,15,0,2,2,0,0,0,1,1,0,0,1.0,0.0,0.0,0.0,0.0,1.0
352,352,36,2,2,14,14,2,2,2,2,0,1,0,0,1,0,0.8333333333333334,0.0,0.16666666666666666,0.16666666666666666,0.0,0.8333333333333334
353,357,36,9,9,13,13,0,0,0,0,0,1,0,0,1,0,0.3333333333333333,0.16666666666666666,0.5,0.5,0.16666666666666666,0.3333333333333333
354,353,36,3,3,19,19,2,2,2,2,0,1,0,0,1,0,0.5,0.16666666666666666,0.3333333333333333,0.3333333333333333,0.16666666666666666,0.5
355,370,37,20,20,9,9,0,4,4,0,0,0,1,1,0,0,0.3333333333333333,0.16666666666666666,0.5,0.5,0.16666666666666666,0.3333333333333333
356,363,37,6,6,18,18,1,0,0,1,1,0,0,0,0,1,0.8333333333333334,0.0,0.16666666666666666,0.16666666666666666,0.0,0.8333333333333334
357,366,37,14,14,1,1,1,4,4,1,0,0,1,1,0,0,0.5,0.16666666666666666,0.3333333333333333,0.3333333333333333,0.16666666666666666,0.5
358,331,37,1,1,15,15,2,0,0,2,1,0,0,0,0,1,0.8333333333333334,0.0,0.16666666666666666,0.16666666666666666,0.0,0.8333333333333334
359,362,37,5,5,7,7,4,0,0,4,1,0,0,0,0,1,0.3333333333333333,0.3333333333333333,0.3333333333333333,0.3333333333333333,0.3333333333333333,0.3333333333333333
360,273,37,4,4,18,18,4,3,3,4,1,0,0,0,0,1,1.0,0.0,0.0,0.0,0.0,1.0
361,369,37,19,19,4,4,0,1,1,0,0,0,1,1,0,0,0.3333333333333333,0.0,0.6666666666666666,0.6666666666666666,0.0,0.3333333333333333
362,365,37,12,12,13,13,1,2,2,1,0,0,1,1,0,0,0.5,0.16666666666666666,0.3333333333333333,0.3333333333333333,0.16666666666666666,0.5
363,361,37,2,2,3,3,2,1,1,2,1,0,0,0,0,1,0.3333333333333333,0.3333333333333333,0.3333333333333333,0.3333333333333333,0.3333333333333333,0.3333333333333333
364,367,37,15,15,16,16,0,2,2,0,0,0,1,1,0,0,0.3333333333333333,0.5,0.16666666666666666,0.16666666666666666,0.5,0.3333333333333333
365,364,37,10,10,8,8,2,1,1,2,1,0,0,0,0,1,0.6666666666666666,0.3333333333333333,0.0,0.0,0.3333333333333333,0.6666666666666666
366,336,37,8,8,17,17,1,6,6,1,0,0,1,1,0,0,0.6666666666666666,0.0,0.3333333333333333,0.3333333333333333,0.0,0.6666666666666666
367,338,37,10,10,19,19,3,1,1,3,1,0,0,0,0,1,0.5,0.5,0.0,0.0,0.5,0.5
368,279,37,13,13,11,11,0,0,0,0,0,1,0,0,1,0,0.16666666666666666,0.3333333333333333,0.5,0.5,0.3333333333333333,0.16666666666666666
369,368,37,17,17,11,11,2,1,1,2,1,0,0,0,0,1,0.6666666666666666,0.16666666666666666,0.16666666666666666,0.16666666666666666,0.16666666666666666,0.6666666666666666
370,372,38,3,3,20,20,1,2,2,1,0,0,1,1,0,0,0.3333333333333333,0.5,0.16666666666666666,0.16666666666666666,0.5,0.3333333333333333
371,371,38,1,1,6,6,3,1,1,3,1,0,0,0,0,1,0.6666666666666666,0.3333333333333333,0.0,0.0,0.3333333333333333,0.6666666666666666
372,375,38,8,8,2,2,1,1,1,1,0,1,0,0,1,0,0.5,0.16666666666666666,0.3333333333333333,0.3333333333333333,0.16666666666666666,0.5
373,377,38,11,11,5,5,2,0,0,2,1,0,0,0,0,1,0.5,0.3333333333333333,0.16666666666666666,0.16666666666666666,0.3333333333333333,0.5
374,380,38,18,18,10,10,0,5,5,0,0,0,1,1,0,0,0.5,0.16666666666666666,0.3333333333333333,0.3333333333333333,0.16666666666666666,0.5
375,373,38,4,4,15,15,5,1,1,5,1,0,0,0,0,1,0.8333333333333334,0.0,0.16666666666666666,0.16666666666666666,0.0,0.8333333333333334
376,374,38,7,7,17,17,1,7,7,1,0,0,1,1,0,0,0.5,0.0,0.5,0.5,0.0,0.5
377,376,38,9,9,12,12,3,0,0,3,1,0,0,0,0,1,0.5,0.3333333333333333,0.16666666666666666,0.16666666666666666,0.3333333333333333,0.5
378,378,38,13,13,14,14,0,1,1,0,0,0,1,1,0,0,0.3333333333333333,0.5,0.16666666666666666,0.16666666666666666,0.5,0.3333333333333333
379,379,38,16,16,19,19,2,1,1,2,1,0,0,0,0,1,0.6666666666666666,0.16666666666666666,0.16666666666666666,0.16666666666666666,0.16666666666666666,0.6666666666666666
