,fixture,round,team_home,uniqueid_home,team_away,uniqueid_away,team_home_gs,team_home_gc,team_away_gs,team_away_gc,team_home_win,team_home_draw,team_home_loss,team_away_win,team_away_draw,team_away_loss,home_odds_win_3,home_odds_draw_3,home_odds_loss_3,away_odds_win_3,away_odds_draw_3,away_odds_loss_3
0,8,1,19,20,11,10,0,5,5,0,0,0,1,1,0,0,0.3333333333333333,0.3333333333333333,0.3333333333333333,0.3333333333333333,0.3333333333333333,0.3333333333333333
1,3,1,5,3,16,13,3,0,0,3,1,0,0,0,0,1,0.3333333333333333,0.3333333333333333,0.3333333333333333,0.3333333333333333,0.3333333333333333,0.3333333333333333
2,7,1,18,18,4,21,0,3,3,0,0,0,1,1,0,0,0.3333333333333333,0.3333333333333333,0.3333333333333333,0.3333333333333333,0.3333333333333333,0.3333333333333333
3,2,1,3,2,15,29,1,1,1,1,0,1,0,0,1,0,0.3333333333333333,0.3333333333333333,0.3333333333333333,0.3333333333333333,0.3333333333333333,0.3333333333333333
4,9,1,12,11,6,4,4,0,0,4,1,0,0,0,0,1,0.3333333333333333,0.3333333333333333,0.3333333333333333,0.3333333333333333,0.3333333333333333,0.3333333333333333
5,5,1,9,8,20,26,0,0,0,0,0,1,0,0,1,0,0.3333333333333333,0.3333333333333333,0.3333333333333333,0.3333333333333333,0.3333333333333333,0.3333333333333333
6,1,1,10,9,14,28,4,1,1,4,1,0,0,0,0,1,0.3333333333333333,0.3333333333333333,0.3333333333333333,0.3333333333333333,0.3333333333333333,0.3333333333333333
7,4,1,7,5,8,6,0,0,0,0,0,1,0,0,1,0,0.3333333333333333,0.3333333333333333,0.3333333333333333,0.3333333333333333,0.3333333333333333,0.3333333333333333
8,6,1,17,17,2,27,3,1,1,3,1,0,0,0,0,1,0.3333333333333333,0.3333333333333333,0.3333333333333333,0.3333333333333333,0.3333333333333333,0.3333333333333333
9,10,1,13,23,1,1,0,1,1,0,0,0,1,1,0,0,0.3333333333333333,0.3333333333333333,0.3333333333333333,0.3333333333333333,0.3333333333333333,0.3333333333333333
10,13,2,4,21,19,20,1,1,1,1,0,1,0,0,1,0,0.3333333333333333,0.3333333333333333,0.3333333333333333,0.3333333333333333,0.3333333333333333,0.3333333333333333
11,11,2,1,1,5,3,2,1,1,2,1,0,0,0,0,1,0.3333333333333333,0.3333333333333333,0.3333333333333333,0.3333333333333333,0.3333333333333333,0.3333333333333333
12,12,2,2,27,3,2,1,2,2,1,0,0,1,1,0,0,0.3333333333333333,0.3333333333333333,0.3333333333333333,0.3333333333333333,0.3333333333333333,0.3333333333333333
13,20,2,20,26,12,11,1,1,1,1,0,1,0,0,1,0,0.3333333333333333,0.3333333333333333,0.3333333333333333,0.3333333333333333,0.3333333333333333,0.3333333333333333
14,15,2,8,6,18,18,1,0,0,1,1,0,0,0,0,1,0.3333333333333333,0.3333333333333333,0.3333333333333333,0.3333333333333333,0.3333333333333333,0.3333333333333333
15,19,2,16,13,10,9,1,2,2,1,0,0,1,1,0,0,0.3333333333333333,0.3333333333333333,0.3333333333333333,0.3333333333333333,0.3333333333333333,0.3333333333333333
16,17,2,14,28,13,23,3,1,1,3,1,0,0,0,0,1,0.3333333333333333,0.3333333333333333,0.3333333333333333,0.3333333333333333,0.3333333333333333,0.3333333333333333
17,14,2,6,4,9,8,1,1,1,1,0,1,0,0,1,0,0.3333333333333333,0.3333333333333333,0.3333333333333333,0.3333333333333333,0.3333333333333333,0.3333333333333333
18,18,2,15,29,7,5,1,0,0,1,1,0,0,0,0,1,0.3333333333333333,0.3333333333333333,0.3333333333333333,0.3333333333333333,0.3333333333333333,0.3333333333333333
19,16,2,11,10,17,17,2,2,2,2,0,1,0,0,1,0,0.3333333333333333,0.3333333333333333,0.3333333333333333,0.3333333333333333,0.3333333333333333,0.3333333333333333
20,29,3,18,18,19,20,1,3,3,1,0,0,1,1,0,0,0.0,0.5,0.5,0.5,0.5,0.0
21,30,3,20,26,5,3,1,1,1,1,0,1,0,0,1,0,0.5,0.5,0.0,0.0,0.5,0.5
22,23,3,4,21,16,13,0,2,2,0,0,0,1,1,0,0,0.5,0.5,0.0,0.0,0.5,0.5
23,22,3,3,2,11,10,1,3,3,1,0,0,1,1,0,0,0.0,0.5,0.5,0.5,0.5,0.0
24,25,3,12,11,7,5,1,2,2,1,0,0,1,1,0,0,1.0,0.0,0.0,0.0,0.0,1.0
25,24,3,10,9,1,1,3,1,1,3,1,0,0,0,0,1,0.5,0.0,0.5,0.5,0.0,0.5
26,21,3,2,27,8,6,2,0,0,2,1,0,0,0,0,1,0.0,0.5,0.5,0.5,0.5,0.0
27,26,3,14,28,6,4,2,3,3,2,0,0,1,1,0,0,1.0,0.0,0.0,0.0,0.0,1.0
28,28,3,17,17,13,23,0,1,1,0,0,0,1,1,0,0,1.0,0.0,0.0,0.0,0.0,1.0
29,27,3,15,29,9,8,1,2,2,1,0,0,1,1,0,0,0.5,0.5,0.0,0.0,0.5,0.5
30,37,4,11,10,4,21,4,0,0,4,1,0,0,0,0,1,0.0,0.5,0.5,0.5,0.5,0.0
31,40,4,19,20,14,28,2,0,0,2,1,0,0,0,0,1,0.5,0.0,0.5,0.5,0.0,0.5
32,32,4,5,3,10,9,0,3,3,0,0,0,1,1,0,0,0.5,0.0,0.5,0.5,0.0,0.5
33,36,4,9,8,3,2,3,1,1,3,1,0,0,0,0,1,0.0,0.5,0.5,0.5,0.5,0.0
34,39,4,16,13,12,11,1,1,1,1,0,1,0,0,1,0,0.0,0.5,0.5,0.5,0.5,0.0
35,38,4,13,23,18,18,1,1,1,1,0,1,0,0,1,0,0.5,0.0,0.5,0.5,0.0,0.5
36,35,4,8,6,20,26,3,2,2,3,1,0,0,0,0,1,0.5,0.5,0.0,0.0,0.5,0.5
37,34,4,7,5,2,27,1,0,0,1,1,0,0,0,0,1,0.5,0.5,0.0,0.0,0.5,0.5
38,31,4,1,1,17,17,2,2,2,2,0,1,0,0,1,0,0.5,0.5,0.0,0.0,0.5,0.5
39,33,4,6,4,15,29,2,2,2,2,0,1,0,0,1,0,0.0,1.0,0.0,0.0,1.0,0.0
40,43,5,4,21,5,3,1,1,1,1,0,1,0,0,1,0,0.25,0.5,0.25,0.25,0.5,0.25
41,41,5,2,27,19,20,0,0,0,0,0,1,0,0,1,0,0.25,0.25,0.5,0.5,0.25,0.25
42,42,5,3,2,8,6,3,1,1,3,1,0,0,0,0,1,0.25,0.5,0.25,0.25,0.5,0.25
43,45,5,12,11,9,8,1,0,0,1,1,0,0,0,0,1,0.25,0.25,0.5,0.5,0.25,0.25
44,49,5,18,18,1,1,2,2,2,2,0,1,0,0,1,0,0.25,0.0,0.75,0.75,0.0,0.25
45,50,5,20,26,6,4,2,5,5,2,0,0,1,1,0,0,0.25,0.5,0.25,0.25,0.5,0.25
46,46,5,14,28,11,10,3,2,2,3,1,0,0,0,0,1,0.25,0.0,0.75,0.75,0.0,0.25
47,44,5,10,9,13,23,3,1,1,3,1,0,0,0,0,1,0.75,0.0,0.25,0.25,0.0,0.75
48,47,5,15,29,16,13,0,1,1,0,0,0,1,1,0,0,0.5,0.0,0.5,0.5,0.0,0.5
49,48,5,17,17,7,5,4,0,0,4,1,0,0,0,0,1,0.5,0.0,0.5,0.5,0.0,0.5
50,58,6,13,23,4,21,0,0,0,0,0,1,0,0,1,0,0.25,0.25,0.5,0.5,0.25,0.25
51,60,6,19,20,12,11,2,0,0,2,1,0,0,0,0,1,0.25,0.5,0.25,0.25,0.5,0.25
52,52,6,5,3,14,28,2,0,0,2,1,0,0,0,0,1,0.75,0.0,0.25,0.25,0.0,0.75
53,59,6,16,13,3,2,1,3,3,1,0,0,1,1,0,0,0.25,0.25,0.5,0.5,0.25,0.25
54,57,6,11,10,18,18,8,0,0,8,1,0,0,0,0,1,0.5,0.5,0.0,0.0,0.5,0.5
55,54,6,7,5,20,26,1,1,1,1,0,1,0,0,1,0,0.5,0.5,0.0,0.0,0.5,0.5
56,53,6,6,4,10,9,1,2,2,1,0,0,1,1,0,0,0.0,0.5,0.5,0.5,0.5,0.0
57,55,6,8,6,15,29,0,2,2,0,0,0,1,1,0,0,0.5,0.5,0.0,0.0,0.5,0.5
58,51,6,1,1,2,27,3,2,2,3,1,0,0,0,0,1,0.75,0.25,0.0,0.0,0.25,0.75
59,56,6,9,8,17,17,2,1,1,2,1,0,0,0,0,1,0.25,0.75,0.0,0.0,0.75,0.25
60,63,7,6,4,4,21,2,0,0,2,1,0,0,0,0,1,0.16666666666666666,0.5,0.3333333333333333,0.3333333333333333,0.5,0.16666666666666666
61,62,7,3,2,19,20,2,2,2,2,0,1,0,0,1,0,0.16666666666666666,0.5,0.3333333333333333,0.3333333333333333,0.5,0.16666666666666666
62,61,7,2,27,5,3,2,2,2,2,0,1,0,0,1,0,0.3333333333333333,0.5,0.16666666666666666,0.16666666666666666,0.5,0.3333333333333333
63,67,7,12,11,1,1,1,1,1,1,0,1,0,0,1,0,0.5,0.16666666666666666,0.3333333333333333,0.3333333333333333,0.16666666666666666,0.5
64,70,7,20,26,18,18,2,0,0,2,1,0,0,0,0,1,0.3333333333333333,0.5,0.16666666666666666,0.16666666666666666,0.5,0.3333333333333333
65,64,7,7,5,14,28,2,0,0,2,1,0,0,0,0,1,0.6666666666666666,0.3333333333333333,0.0,0.0,0.3333333333333333,0.6666666666666666
66,68,7,15,29,10,9,0,1,1,0,0,0,1,1,0,0,0.16666666666666666,0.0,0.8333333333333334,0.8333333333333334,0.0,0.16666666666666666
67,65,7,8,6,11,10,1,3,3,1,0,0,1,1,0,0,0.5,0.0,0.5,0.5,0.0,0.5
68,69,7,17,17,16,13,2,1,1,2,1,0,0,0,0,1,0.5,0.0,0.5,0.5,0.0,0.5
69,66,7,9,8,13,23,5,0,0,5,1,0,0,0,0,1,0.6666666666666666,0.16666666666666666,0.16666666666666666,0.16666666666666666,0.16666666666666666,0.6666666666666666
70,72,8,4,21,17,17,3,0,0,3,1,0,0,0,0,1,0.16666666666666666,0.6666666666666666,0.16666666666666666,0.16666666666666666,0.6666666666666666,0.16666666666666666
71,80,8,19,20,7,5,1,2,2,1,0,0,1,1,0,0,0.6666666666666666,0.0,0.3333333333333333,0.3333333333333333,0.0,0.6666666666666666
72,73,8,5,3,8,6,1,0,0,1,1,0,0,0,0,1,0.6666666666666666,0.16666666666666666,0.16666666666666666,0.16666666666666666,0.16666666666666666,0.6666666666666666
73,71,8,1,1,3,2,1,0,0,1,1,0,0,0,0,1,0.5,0.16666666666666666,0.3333333333333333,0.3333333333333333,0.16666666666666666,0.5
74,76,8,13,23,12,11,1,0,0,1,1,0,0,0,0,1,0.16666666666666666,0.6666666666666666,0.16666666666666666,0.16666666666666666,0.6666666666666666,0.16666666666666666
75,79,8,18,18,15,29,0,0,0,0,0,1,0,0,1,0,0.0,0.5,0.5,0.5,0.5,0.0
76,75,8,11,10,20,26,0,2,2,0,0,0,1,1,0,0,0.5,0.5,0.0,0.0,0.5,0.5
77,77,8,14,28,2,27,1,5,5,1,0,0,1,1,0,0,0.8333333333333334,0.0,0.16666666666666666,0.16666666666666666,0.0,0.8333333333333334
78,74,8,10,9,9,8,2,1,1,2,1,0,0,0,0,1,0.6666666666666666,0.16666666666666666,0.16666666666666666,0.16666666666666666,0.16666666666666666,0.6666666666666666
79,78,8,16,13,6,4,1,4,4,1,0,0,1,1,0,0,0.16666666666666666,0.16666666666666666,0.6666666666666666,0.6666666666666666,0.16666666666666666,0.16666666666666666
80,81,9,2,27,4,21,2,1,1,2,1,0,0,0,0,1,0.5,0.5,0.0,0.0,0.5,0.5
81,85,9,8,6,19,20,2,0,0,2,1,0,0,0,0,1,0.16666666666666666,0.3333333333333333,0.5,0.5,0.3333333333333333,0.16666666666666666
82,86,9,9,8,5,3,2,1,1,2,1,0,0,0,0,1,0.5,0.5,0.0,0.0,0.5,0.5
83,82,9,3,2,14,28,0,0,0,0,0,1,0,0,1,0,0.6666666666666666,0.16666666666666666,0.16666666666666666,0.16666666666666666,0.16666666666666666,0.6666666666666666
84,87,9,12,11,10,9,1,1,1,1,0,1,0,0,1,0,0.16666666666666666,0.16666666666666666,0.6666666666666666,0.6666666666666666,0.16666666666666666,0.16666666666666666
85,89,9,17,17,18,18,1,1,1,1,0,1,0,0,1,0,0.6666666666666666,0.16666666666666666,0.16666666666666666,0.16666666666666666,0.16666666666666666,0.6666666666666666
86,90,9,20,26,16,13,1,1,1,1,0,1,0,0,1,0,0.3333333333333333,0.16666666666666666,0.5,0.5,0.16666666666666666,0.3333333333333333
87,83,9,6,4,13,23,1,0,0,1,1,0,0,0,0,1,0.5,0.16666666666666666,0.3333333333333333,0.3333333333333333,0.16666666666666666,0.5
88,88,9,15,29,1,1,1,0,0,1,1,0,0,0,0,1,0.16666666666666666,0.3333333333333333,0.5,0.5,0.3333333333333333,0.16666666666666666
89,84,9,7,5,11,10,0,2,2,0,0,0,1,1,0,0,0.5,0.16666666666666666,0.3333333333333333,0.3333333333333333,0.16666666666666666,0.5
90,92,10,4,21,8,6,3,2,2,3,1,0,0,0,0,1,0.6666666666666666,0.16666666666666666,0.16666666666666666,0.16666666666666666,0.16666666666666666,0.6666666666666666
91,100,10,19,20,15,29,1,1,1,1,0,1,0,0,1,0,0.3333333333333333,0.3333333333333333,0.3333333333333333,0.3333333333333333,0.3333333333333333,0.3333333333333333
92,93,10,5,3,6,4,2,4,4,2,0,0,1,1,0,0,0.3333333333333333,0.0,0.6666666666666666,0.6666666666666666,0.0,0.3333333333333333
93,99,10,18,18,3,2,0,0,0,0,0,1,0,0,1,0,0.3333333333333333,0.3333333333333333,0.3333333333333333,0.3333333333333333,0.3333333333333333,0.3333333333333333
94,97,10,14,28,12,11,1,3,3,1,0,0,1,1,0,0,0.5,0.16666666666666666,0.3333333333333333,0.3333333333333333,0.16666666666666666,0.5
95,96,10,13,23,20,26,1,1,1,1,0,1,0,0,1,0,0.3333333333333333,0.5,0.16666666666666666,0.16666666666666666,0.5,0.3333333333333333
96,94,10,10,9,17,17,2,1,1,2,1,0,0,0,0,1,0.8333333333333334,0.16666666666666666,0.0,0.0,0.16666666666666666,0.8333333333333334
97,95,10,11,10,2,27,3,0,0,3,1,0,0,0,0,1,0.6666666666666666,0.0,0.3333333333333333,0.3333333333333333,0.0,0.6666666666666666
98,91,10,1,1,7,5,2,2,2,2,0,1,0,0,1,0,0.5,0.16666666666666666,0.3333333333333333,0.3333333333333333,0.16666666666666666,0.5
99,98,10,16,13,9,8,0,9,9,0,0,0,1,1,0,0,0.3333333333333333,0.16666666666666666,0.5,0.5,0.16666666666666666,0.3333333333333333
100,104,11,4,21,14,28,2,0,0,2,1,0,0,0,0,1,0.6666666666666666,0.3333333333333333,0.0,0.0,0.3333333333333333,0.6666666666666666
101,110,11,19,20,13,23,2,3,3,2,0,0,1,1,0,0,0.6666666666666666,0.16666666666666666,0.16666666666666666,0.16666666666666666,0.16666666666666666,0.6666666666666666
102,108,11,15,29,5,3,3,0,0,3,1,0,0,0,0,1,0.3333333333333333,0.3333333333333333,0.3333333333333333,0.3333333333333333,0.3333333333333333,0.3333333333333333
103,103,11,3,2,12,11,1,0,0,1,1,0,0,0,0,1,0.5,0.3333333333333333,0.16666666666666666,0.16666666666666666,0.3333333333333333,0.5
104,109,11,18,18,6,4,1,2,2,1,0,0,1,1,0,0,0.0,0.5,0.5,0.5,0.5,0.0
105,101,11,1,1,20,26,1,1,1,1,0,1,0,0,1,0,0.3333333333333333,0.5,0.16666666666666666,0.16666666666666666,0.5,0.3333333333333333
106,102,11,2,27,10,9,1,2,2,1,0,0,1,1,0,0,0.16666666666666666,0.5,0.3333333333333333,0.3333333333333333,0.5,0.16666666666666666
107,106,11,8,6,17,17,1,1,1,1,0,1,0,0,1,0,0.6666666666666666,0.0,0.3333333333333333,0.3333333333333333,0.0,0.6666666666666666
108,107,11,11,10,16,13,2,1,1,2,1,0,0,0,0,1,0.5,0.16666666666666666,0.3333333333333333,0.3333333333333333,0.16666666666666666,0.5
109,105,11,7,5,9,8,0,2,2,0,0,0,1,1,0,0,0.5,0.16666666666666666,0.3333333333333333,0.3333333333333333,0.16666666666666666,0.5
110,115,12,12,11,4,21,3,1,1,3,1,0,0,0,0,1,0.5,0.5,0.0,0.0,0.5,0.5
111,111,12,5,3,19,20,3,0,0,3,1,0,0,0,0,1,0.5,0.3333333333333333,0.16666666666666666,0.16666666666666666,0.3333333333333333,0.5
112,116,12,13,23,3,2,2,1,1,2,1,0,0,0,0,1,0.3333333333333333,0.5,0.16666666666666666,0.16666666666666666,0.5,0.3333333333333333
113,117,12,14,28,18,18,0,2,2,0,0,0,1,1,0,0,0.5,0.16666666666666666,0.3333333333333333,0.3333333333333333,0.16666666666666666,0.5
114,120,12,20,26,2,27,2,1,1,2,1,0,0,0,0,1,0.5,0.16666666666666666,0.3333333333333333,0.3333333333333333,0.16666666666666666,0.5
115,114,12,10,9,11,10,3,1,1,3,1,0,0,0,0,1,0.6666666666666666,0.0,0.3333333333333333,0.3333333333333333,0.0,0.6666666666666666
116,112,12,6,4,7,5,2,0,0,2,1,0,0,0,0,1,0.5,0.16666666666666666,0.3333333333333333,0.3333333333333333,0.16666666666666666,0.5
117,118,12,16,13,8,6,1,2,2,1,0,0,1,1,0,0,0.5,0.0,0.5,0.5,0.0,0.5
118,113,12,9,8,1,1,2,0,0,2,1,0,0,0,0,1,0.6666666666666666,0.3333333333333333,0.0,0.0,0.3333333333333333,0.6666666666666666
119,119,12,17,17,15,29,1,1,1,1,0,1,0,0,1,0,0.3333333333333333,0.5,0.16666666666666666,0.16666666666666666,0.5,0.3333333333333333
120,124,13,4,21,9,8,0,2,2,0,0,0,1,1,0,0,0.6666666666666666,0.0,0.3333333333333333,0.3333333333333333,0.0,0.6666666666666666
121,130,13,19,20,17,17,2,3,3,2,0,0,1,1,0,0,0.3333333333333333,0.3333333333333333,0.3333333333333333,0.3333333333333333,0.3333333333333333,0.3333333333333333
122,129,13,18,18,5,3,0,3,3,0,0,0,1,1,0,0,0.3333333333333333,0.5,0.16666666666666666,0.16666666666666666,0.5,0.3333333333333333
123,123,13,3,2,20,26,1,2,2,1,0,0,1,1,0,0,0.16666666666666666,0.6666666666666666,0.16666666666666666,0.16666666666666666,0.6666666666666666,0.16666666666666666
124,128,13,15,29,12,11,3,3,3,3,0,1,0,0,1,0,0.6666666666666666,0.0,0.3333333333333333,0.3333333333333333,0.0,0.6666666666666666
125,126,13,8,6,14,28,0,2,2,0,0,0,1,1,0,0,0.5,0.3333333333333333,0.16666666666666666,0.16666666666666666,0.3333333333333333,0.5
126,125,13,7,5,10,9,1,2,2,1,0,0,1,1,0,0,0.16666666666666666,0.16666666666666666,0.6666666666666666,0.6666666666666666,0.16666666666666666,0.16666666666666666
127,127,13,11,10,6,4,2,1,1,2,1,0,0,0,0,1,0.3333333333333333,0.0,0.6666666666666666,0.6666666666666666,0.0,0.3333333333333333
128,122,13,2,27,13,23,2,0,0,2,1,0,0,0,0,1,0.5,0.16666666666666666,0.3333333333333333,0.3333333333333333,0.16666666666666666,0.5
129,121,13,1,1,16,13,2,2,2,2,0,1,0,0,1,0,0.5,0.5,0.0,0.0,0.5,0.5
130,134,14,10,9,4,21,2,1,1,2,1,0,0,0,0,1,1.0,0.0,0.0,0.0,0.0,1.0
131,132,14,6,4,19,20,0,1,1,0,0,0,1,1,0,0,0.8333333333333334,0.16666666666666666,0.0,0.0,0.16666666666666666,0.8333333333333334
132,131,14,5,3,7,5,0,2,2,0,0,0,1,1,0,0,0.5,0.16666666666666666,0.3333333333333333,0.3333333333333333,0.16666666666666666,0.5
133,139,14,17,17,3,2,3,2,2,3,1,0,0,0,0,1,0.5,0.5,0.0,0.0,0.5,0.5
134,135,14,12,11,2,27,2,2,2,2,0,1,0,0,1,0,0.5,0.3333333333333333,0.16666666666666666,0.16666666666666666,0.3333333333333333,0.5
135,138,14,16,13,18,18,2,1,1,2,1,0,0,0,0,1,0.16666666666666666,0.16666666666666666,0.6666666666666666,0.6666666666666666,0.16666666666666666,0.16666666666666666
136,140,14,20,26,15,29,1,1,1,1,0,1,0,0,1,0,0.3333333333333333,0.6666666666666666,0.0,0.0,0.6666666666666666,0.3333333333333333
137,137,14,14,28,1,1,2,2,2,2,0,1,0,0,1,0,0.3333333333333333,0.16666666666666666,0.5,0.5,0.16666666666666666,0.3333333333333333
138,133,14,9,8,8,6,2,1,1,2,1,0,0,0,0,1,0.8333333333333334,0.0,0.16666666666666666,0.16666666666666666,0.0,0.8333333333333334
139,136,14,13,23,11,10,2,2,2,2,0,1,0,0,1,0,0.5,0.16666666666666666,0.3333333333333333,0.3333333333333333,0.16666666666666666,0.5
140,141,15,1,1,4,21,1,2,2,1,0,0,1,1,0,0,0.5,0.5,0.0,0.0,0.5,0.5
141,146,15,20,26,19,20,2,0,0,2,1,0,0,0,0,1,0.5,0.3333333333333333,0.16666666666666666,0.16666666666666666,0.3333333333333333,0.5
142,142,15,5,3,11,10,1,4,4,1,0,0,1,1,0,0,0.3333333333333333,0.16666666666666666,0.5,0.5,0.16666666666666666,0.3333333333333333
143,148,15,7,5,3,2,1,0,0,1,1,0,0,0,0,1,0.3333333333333333,0.16666666666666666,0.5,0.5,0.16666666666666666,0.3333333333333333
144,144,15,12,11,17,17,2,1,1,2,1,0,0,0,0,1,0.3333333333333333,0.5,0.16666666666666666,0.16666666666666666,0.5,0.3333333333333333
145,143,15,9,8,18,18,2,0,0,2,1,0,0,0,0,1,0.6666666666666666,0.16666666666666666,0.16666666666666666,0.16666666666666666,0.16666666666666666,0.6666666666666666
146,150,15,16,13,14,28,2,1,1,2,1,0,0,0,0,1,0.3333333333333333,0.16666666666666666,0.5,0.5,0.16666666666666666,0.3333333333333333
147,149,15,10,9,8,6,5,2,2,5,1,0,0,0,0,1,0.8333333333333334,0.0,0.16666666666666666,0.16666666666666666,0.0,0.8333333333333334
148,147,15,6,4,2,27,2,1,1,2,1,0,0,0,0,1,0.6666666666666666,0.16666666666666666,0.16666666666666666,0.16666666666666666,0.16666666666666666,0.6666666666666666
149,145,15,15,29,13,23,0,2,2,0,0,0,1,1,0,0,0.6666666666666666,0.16666666666666666,0.16666666666666666,0.16666666666666666,0.16666666666666666,0.6666666666666666
150,158,16,17,17,5,3,5,0,0,5,1,0,0,0,0,1,0.5,0.3333333333333333,0.16666666666666666,0.16666666666666666,0.3333333333333333,0.5
151,159,16,18,18,7,5,0,0,0,0,0,1,0,0,1,0,0.16666666666666666,0.3333333333333333,0.5,0.5,0.3333333333333333,0.16666666666666666
152,157,16,14,28,15,29,1,2,2,1,0,0,1,1,0,0,0.0,0.6666666666666666,0.3333333333333333,0.3333333333333333,0.6666666666666666,0.0
153,154,16,8,6,6,4,3,1,1,3,1,0,0,0,0,1,0.3333333333333333,0.16666666666666666,0.5,0.5,0.16666666666666666,0.3333333333333333
154,156,16,13,23,16,13,2,1,1,2,1,0,0,0,0,1,0.3333333333333333,0.6666666666666666,0.0,0.0,0.6666666666666666,0.3333333333333333
155,152,16,3,2,10,9,0,3,3,0,0,0,1,1,0,0,0.16666666666666666,0.3333333333333333,0.5,0.5,0.3333333333333333,0.16666666666666666
156,160,16,19,20,1,1,1,3,3,1,0,0,1,1,0,0,0.3333333333333333,0.3333333333333333,0.3333333333333333,0.3333333333333333,0.3333333333333333,0.3333333333333333
157,153,16,4,21,20,26,2,2,2,2,0,1,0,0,1,0,0.3333333333333333,0.3333333333333333,0.3333333333333333,0.3333333333333333,0.3333333333333333,0.3333333333333333
158,151,16,2,27,9,8,1,4,4,1,0,0,1,1,0,0,0.3333333333333333,0.0,0.6666666666666666,0.6666666666666666,0.0,0.3333333333333333
159,155,16,11,10,12,11,1,2,2,1,0,0,1,1,0,0,0.6666666666666666,0.16666666666666666,0.16666666666666666,0.16666666666666666,0.16666666666666666,0.6666666666666666
160,170,17,20,26,17,17,1,2,2,1,0,0,1,1,0,0,0.5,0.3333333333333333,0.16666666666666666,0.16666666666666666,0.3333333333333333,0.5
161,167,17,12,11,8,6,1,1,1,1,0,1,0,0,1,0,0.6666666666666666,0.16666666666666666,0.16666666666666666,0.16666666666666666,0.16666666666666666,0.6666666666666666
162,161,17,1,1,11,10,0,3,3,0,0,0,1,1,0,0,0.16666666666666666,0.5,0.3333333333333333,0.3333333333333333,0.5,0.16666666666666666
163,169,17,16,13,19,20,0,1,1,0,0,0,1,1,0,0,0.6666666666666666,0.0,0.3333333333333333,0.3333333333333333,0.0,0.6666666666666666
164,165,17,9,8,14,28,1,1,1,1,0,1,0,0,1,0,0.8333333333333334,0.0,0.16666666666666666,0.16666666666666666,0.0,0.8333333333333334
165,163,17,6,4,3,2,0,1,1,0,0,0,1,1,0,0,0.8333333333333334,0.0,0.16666666666666666,0.16666666666666666,0.0,0.8333333333333334
166,162,17,5,3,13,23,1,0,0,1,1,0,0,0,0,1,0.3333333333333333,0.0,0.6666666666666666,0.6666666666666666,0.0,0.3333333333333333
167,168,17,15,29,2,27,2,0,0,2,1,0,0,0,0,1,0.5,0.3333333333333333,0.16666666666666666,0.16666666666666666,0.3333333333333333,0.5
168,164,17,7,5,4,21,1,1,1,1,0,1,0,0,1,0,0.5,0.0,0.5,0.5,0.0,0.5
169,166,17,10,9,18,18,2,0,0,2,1,0,0,0,0,1,0.8333333333333334,0.0,0.16666666666666666,0.16666666666666666,0.0,0.8333333333333334
170,175,18,11,10,9,8,3,1,1,3,1,0,0,0,0,1,0.3333333333333333,0.0,0.6666666666666666,0.6666666666666666,0.0,0.3333333333333333
171,178,18,17,17,6,4,0,2,2,0,0,0,1,1,0,0,0.6666666666666666,0.16666666666666666,0.16666666666666666,0.16666666666666666,0.16666666666666666,0.6666666666666666
172,174,18,8,6,1,1,0,0,0,0,0,1,0,0,1,0,0.3333333333333333,0.3333333333333333,0.3333333333333333,0.3333333333333333,0.3333333333333333,0.3333333333333333
173,173,18,4,21,15,29,0,1,1,0,0,0,1,1,0,0,0.16666666666666666,0.5,0.3333333333333333,0.3333333333333333,0.5,0.16666666666666666
174,177,18,14,28,20,26,1,2,2,1,0,0,1,1,0,0,0.0,0.5,0.5,0.5,0.5,0.0
175,176,18,13,23,7,5,1,0,0,1,1,0,0,0,0,1,0.5,0.3333333333333333,0.16666666666666666,0.16666666666666666,0.3333333333333333,0.5
176,172,18,3,2,5,3,0,1,1,0,0,0,1,1,0,0,0.5,0.0,0.5,0.5,0.0,0.5
177,179,18,18,18,12,11,2,0,0,2,1,0,0,0,0,1,0.16666666666666666,0.3333333333333333,0.5,0.5,0.3333333333333333,0.16666666666666666
178,171,18,2,27,16,13,1,3,3,1,0,0,1,1,0,0,0.5,0.16666666666666666,0.3333333333333333,0.3333333333333333,0.16666666666666666,0.5
179,190,19,20,26,11,10,3,2,2,3,1,0,0,0,0,1,0.16666666666666666,0.3333333333333333,0.5,0.5,0.3333333333333333,0.16666666666666666
180,186,19,9,8,10,9,0,4,4,0,0,0,1,1,0,0,0.3333333333333333,0.16666666666666666,0.5,0.5,0.16666666666666666,0.3333333333333333
181,189,19,17,17,4,21,2,1,1,2,1,0,0,0,0,1,0.5,0.16666666666666666,0.3333333333333333,0.3333333333333333,0.16666666666666666,0.5
182,185,19,8,6,5,3,1,0,0,1,1,0,0,0,0,1,0.3333333333333333,0.16666666666666666,0.5,0.5,0.16666666666666666,0.3333333333333333
183,188,19,15,29,18,18,1,1,1,1,0,1,0,0,1,0,0.6666666666666666,0.16666666666666666,0.16666666666666666,0.16666666666666666,0.16666666666666666,0.6666666666666666
184,184,19,7,5,19,20,2,1,1,2,1,0,0,0,0,1,0.3333333333333333,0.16666666666666666,0.5,0.5,0.16666666666666666,0.3333333333333333
185,182,19,3,2,1,1,1,1,1,1,0,1,0,0,1,0,0.0,0.3333333333333333,0.6666666666666666,0.6666666666666666,0.3333333333333333,0.0
186,187,19,12,11,13,23,4,1,1,4,1,0,0,0,0,1,0.5,0.3333333333333333,0.16666666666666666,0.16666666666666666,0.3333333333333333,0.5
187,183,19,6,4,16,13,0,2,2,0,0,0,1,1,0,0,0.3333333333333333,0.16666666666666666,0.5,0.5,0.16666666666666666,0.3333333333333333
188,181,19,2,27,14,28,1,0,0,1,1,0,0,0,0,1,0.3333333333333333,0.16666666666666666,0.5,0.5,0.16666666666666666,0.3333333333333333
189,195,20,11,10,15,29,2,0,0,2,1,0,0,0,0,1,0.3333333333333333,0.16666666666666666,0.5,0.5,0.16666666666666666,0.3333333333333333
190,194,20,10,9,20,26,1,0,0,1,1,0,0,0,0,1,0.5,0.16666666666666666,0.3333333333333333,0.3333333333333333,0.16666666666666666,0.5
191,197,20,14,28,17,17,2,2,2,2,0,1,0,0,1,0,0.16666666666666666,0.16666666666666666,0.6666666666666666,0.6666666666666666,0.16666666666666666,0.16666666666666666
192,196,20,13,23,8,6,1,2,2,1,0,0,1,1,0,0,0.6666666666666666,0.3333333333333333,0.0,0.0,0.3333333333333333,0.6666666666666666
193,198,20,16,13,7,5,1,1,1,1,0,1,0,0,1,0,0.5,0.16666666666666666,0.3333333333333333,0.3333333333333333,0.16666666666666666,0.5
194,193,20,5,3,12,11,0,2,2,0,0,0,1,1,0,0,0.3333333333333333,0.16666666666666666,0.5,0.5,0.16666666666666666,0.3333333333333333
195,200,20,19,20,9,8,1,2,2,1,0,0,1,1,0,0,0.16666666666666666,0.0,0.8333333333333334,0.8333333333333334,0.0,0.16666666666666666
196,192,20,4,21,3,2,2,0,0,2,1,0,0,0,0,1,0.3333333333333333,0.16666666666666666,0.5,0.5,0.16666666666666666,0.3333333333333333
197,199,20,18,18,2,27,3,0,0,3,1,0,0,0,0,1,0.5,0.3333333333333333,0.16666666666666666,0.16666666666666666,0.3333333333333333,0.5
198,191,20,1,1,6,4,1,2,2,1,0,0,1,1,0,0,0.3333333333333333,0.16666666666666666,0.5,0.5,0.16666666666666666,0.3333333333333333
199,205,21,11,10,8,6,2,1,1,2,1,0,0,0,0,1,0.5,0.16666666666666666,0.3333333333333333,0.3333333333333333,0.16666666666666666,0.5
200,204,21,10,9,15,29,2,0,0,2,1,0,0,0,0,1,0.6666666666666666,0.0,0.3333333333333333,0.3333333333333333,0.0,0.6666666666666666
201,208,21,16,13,17,17,1,0,0,1,1,0,0,0,0,1,0.3333333333333333,0.3333333333333333,0.3333333333333333,0.3333333333333333,0.3333333333333333,0.3333333333333333
202,209,21,18,18,20,26,2,1,1,2,1,0,0,0,0,1,0.5,0.3333333333333333,0.16666666666666666,0.16666666666666666,0.3333333333333333,0.5
203,207,21,14,28,7,5,1,1,1,1,0,1,0,0,1,0,0.16666666666666666,0.5,0.3333333333333333,0.3333333333333333,0.5,0.16666666666666666
204,203,21,5,3,2,27,1,2,2,1,0,0,1,1,0,0,0.6666666666666666,0.0,0.3333333333333333,0.3333333333333333,0.0,0.6666666666666666
205,206,21,13,23,9,8,0,3,3,0,0,0,1,1,0,0,0.5,0.0,0.5,0.5,0.0,0.5
206,210,21,19,20,3,2,4,0,0,4,1,0,0,0,0,1,0.3333333333333333,0.0,0.6666666666666666,0.6666666666666666,0.0,0.3333333333333333
207,202,21,4,21,6,4,1,1,1,1,0,1,0,0,1,0,0.3333333333333333,0.16666666666666666,0.5,0.5,0.16666666666666666,0.3333333333333333
208,201,21,1,1,12,11,2,0,0,2,1,0,0,0,0,1,0.16666666666666666,0.0,0.8333333333333334,0.8333333333333334,0.0,0.16666666666666666
209,211,22,2,27,11,10,1,6,6,1,0,0,1,1,0,0,0.3333333333333333,0.0,0.6666666666666666,0.6666666666666666,0.0,0.3333333333333333
210,219,22,17,17,10,9,0,1,1,0,0,0,1,1,0,0,0.3333333333333333,0.0,0.6666666666666666,0.6666666666666666,0.0,0.3333333333333333
211,218,22,15,29,19,20,1,0,0,1,1,0,0,0,0,1,0.5,0.16666666666666666,0.3333333333333333,0.3333333333333333,0.16666666666666666,0.5
212,220,22,20,26,13,23,1,1,1,1,0,1,0,0,1,0,0.6666666666666666,0.0,0.3333333333333333,0.3333333333333333,0.0,0.6666666666666666
213,214,22,7,5,1,1,1,1,1,1,0,1,0,0,1,0,0.3333333333333333,0.5,0.16666666666666666,0.16666666666666666,0.5,0.3333333333333333
214,213,22,6,4,5,3,3,0,0,3,1,0,0,0,0,1,0.5,0.0,0.5,0.5,0.0,0.5
215,215,22,8,6,4,21,1,0,0,1,1,0,0,0,0,1,0.5,0.3333333333333333,0.16666666666666666,0.16666666666666666,0.3333333333333333,0.5
216,216,22,9,8,16,13,1,2,2,1,0,0,1,1,0,0,0.3333333333333333,0.16666666666666666,0.5,0.5,0.16666666666666666,0.3333333333333333
217,212,22,3,2,18,18,0,3,3,0,0,0,1,1,0,0,0.3333333333333333,0.3333333333333333,0.3333333333333333,0.3333333333333333,0.3333333333333333,0.3333333333333333
218,217,22,12,11,14,28,4,0,0,4,1,0,0,0,0,1,0.6666666666666666,0.3333333333333333,0.0,0.0,0.3333333333333333,0.6666666666666666
219,226,23,13,23,6,4,1,0,0,1,1,0,0,0,0,1,0.16666666666666666,0.16666666666666666,0.6666666666666666,0.6666666666666666,0.16666666666666666,0.16666666666666666
220,225,23,11,10,7,5,2,2,2,2,0,1,0,0,1,0,0.6666666666666666,0.3333333333333333,0.0,0.0,0.3333333333333333,0.6666666666666666
221,229,23,18,18,17,17,0,0,0,0,0,1,0,0,1,0,0.6666666666666666,0.16666666666666666,0.16666666666666666,0.16666666666666666,0.16666666666666666,0.6666666666666666
222,222,23,4,21,2,27,1,1,1,1,0,1,0,0,1,0,0.5,0.16666666666666666,0.3333333333333333,0.3333333333333333,0.16666666666666666,0.5
223,228,23,16,13,20,26,2,3,3,2,0,0,1,1,0,0,0.5,0.16666666666666666,0.3333333333333333,0.3333333333333333,0.16666666666666666,0.5
224,224,23,10,9,12,11,2,0,0,2,1,0,0,0,0,1,0.8333333333333334,0.0,0.16666666666666666,0.16666666666666666,0.0,0.8333333333333334
225,230,23,19,20,8,6,1,1,1,1,0,1,0,0,1,0,0.3333333333333333,0.16666666666666666,0.5,0.5,0.16666666666666666,0.3333333333333333
226,227,23,14,28,3,2,1,0,0,1,1,0,0,0,0,1,0.3333333333333333,0.3333333333333333,0.3333333333333333,0.3333333333333333,0.3333333333333333,0.3333333333333333
227,221,23,1,1,15,29,1,1,1,1,0,1,0,0,1,0,0.5,0.0,0.5,0.5,0.0,0.5
228,223,23,5,3,9,8,2,1,1,2,1,0,0,0,0,1,0.3333333333333333,0.0,0.6666666666666666,0.6666666666666666,0.0,0.3333333333333333
229,232,24,3,2,4,21,3,1,1,3,1,0,0,0,0,1,0.3333333333333333,0.3333333333333333,0.3333333333333333,0.3333333333333333,0.3333333333333333,0.3333333333333333
230,234,24,9,8,19,20,4,1,1,4,1,0,0,0,0,1,0.3333333333333333,0.16666666666666666,0.5,0.5,0.16666666666666666,0.3333333333333333
231,180,24,19,20,10,9,0,2,2,0,0,0,1,1,0,0,0.16666666666666666,0.16666666666666666,0.6666666666666666,0.6666666666666666,0.16666666666666666,0.16666666666666666
232,235,24,12,11,5,3,0,2,2,0,0,0,1,1,0,0,0.6666666666666666,0.16666666666666666,0.16666666666666666,0.16666666666666666,0.16666666666666666,0.6666666666666666
233,231,24,2,27,18,18,2,1,1,2,1,0,0,0,0,1,0.3333333333333333,0.16666666666666666,0.5,0.5,0.16666666666666666,0.3333333333333333
234,237,24,20,26,10,9,1,2,2,1,0,0,1,1,0,0,0.16666666666666666,0.16666666666666666,0.6666666666666666,0.6666666666666666,0.16666666666666666,0.16666666666666666
235,240,24,17,17,14,28,2,1,1,2,1,0,0,0,0,1,0.5,0.16666666666666666,0.3333333333333333,0.3333333333333333,0.16666666666666666,0.5
236,238,24,6,4,1,1,2,2,2,2,0,1,0,0,1,0,0.16666666666666666,0.5,0.3333333333333333,0.3333333333333333,0.5,0.16666666666666666
237,233,24,8,6,13,23,2,2,2,2,0,1,0,0,1,0,0.6666666666666666,0.3333333333333333,0.0,0.0,0.3333333333333333,0.6666666666666666
238,239,24,7,5,16,13,0,2,2,0,0,0,1,1,0,0,0.16666666666666666,0.3333333333333333,0.5,0.5,0.3333333333333333,0.16666666666666666
239,236,24,15,29,11,10,0,1,1,0,0,0,1,1,0,0,0.5,0.16666666666666666,0.3333333333333333,0.3333333333333333,0.16666666666666666,0.5
240,250,25,19,20,4,21,3,3,3,3,0,1,0,0,1,0,0.6666666666666666,0.16666666666666666,0.16666666666666666,0.16666666666666666,0.16666666666666666,0.6666666666666666
241,242,25,5,3,1,1,0,0,0,0,0,1,0,0,1,0,0.16666666666666666,0.5,0.3333333333333333,0.3333333333333333,0.5,0.16666666666666666
242,241,25,3,2,2,27,2,1,1,2,1,0,0,0,0,1,0.3333333333333333,0.3333333333333333,0.3333333333333333,0.3333333333333333,0.3333333333333333,0.3333333333333333
243,246,25,12,11,20,26,0,0,0,0,0,1,0,0,1,0,0.6666666666666666,0.0,0.3333333333333333,0.3333333333333333,0.0,0.6666666666666666
244,249,25,18,18,8,6,2,3,3,2,0,0,1,1,0,0,0.5,0.3333333333333333,0.16666666666666666,0.16666666666666666,0.3333333333333333,0.5
245,247,25,13,23,14,28,0,0,0,0,0,1,0,0,1,0,0.6666666666666666,0.0,0.3333333333333333,0.3333333333333333,0.0,0.6666666666666666
246,245,25,10,9,16,13,4,0,0,4,1,0,0,0,0,1,0.5,0.0,0.5,0.5,0.0,0.5
247,244,25,9,8,6,4,2,2,2,2,0,1,0,0,1,0,0.3333333333333333,0.16666666666666666,0.5,0.5,0.16666666666666666,0.3333333333333333
248,248,25,17,17,11,10,2,0,0,2,1,0,0,0,0,1,0.5,0.0,0.5,0.5,0.0,0.5
249,243,25,7,5,15,29,0,1,1,0,0,0,1,1,0,0,0.5,0.3333333333333333,0.16666666666666666,0.16666666666666666,0.3333333333333333,0.5
250,251,26,1,1,13,23,4,0,0,4,1,0,0,0,0,1,0.3333333333333333,0.5,0.16666666666666666,0.16666666666666666,0.5,0.3333333333333333
251,255,26,8,6,7,5,3,1,1,3,1,0,0,0,0,1,0.3333333333333333,0.6666666666666666,0.0,0.0,0.6666666666666666,0.3333333333333333
252,260,26,20,26,9,8,0,0,0,0,0,1,0,0,1,0,0.3333333333333333,0.16666666666666666,0.5,0.5,0.16666666666666666,0.3333333333333333
253,253,26,4,21,18,18,1,1,1,1,0,1,0,0,1,0,0.3333333333333333,0.5,0.16666666666666666,0.16666666666666666,0.5,0.3333333333333333
254,259,26,16,13,5,3,1,2,2,1,0,0,1,1,0,0,0.5,0.16666666666666666,0.3333333333333333,0.3333333333333333,0.16666666666666666,0.5
255,256,26,11,10,19,20,2,0,0,2,1,0,0,0,0,1,0.8333333333333334,0.16666666666666666,0.0,0.0,0.16666666666666666,0.8333333333333334
256,252,26,2,27,17,17,2,3,3,2,0,0,1,1,0,0,0.5,0.3333333333333333,0.16666666666666666,0.16666666666666666,0.3333333333333333,0.5
257,254,26,6,4,12,11,0,2,2,0,0,0,1,1,0,0,0.5,0.16666666666666666,0.3333333333333333,0.3333333333333333,0.16666666666666666,0.5
258,258,26,15,29,3,2,2,1,1,2,1,0,0,0,0,1,0.6666666666666666,0.16666666666666666,0.16666666666666666,0.16666666666666666,0.16666666666666666,0.6666666666666666
259,257,26,14,28,10,9,0,1,1,0,0,0,1,1,0,0,0.16666666666666666,0.3333333333333333,0.5,0.5,0.3333333333333333,0.16666666666666666
260,268,27,15,29,4,21,1,1,1,1,0,1,0,0,1,0,0.6666666666666666,0.16666666666666666,0.16666666666666666,0.16666666666666666,0.16666666666666666,0.6666666666666666
261,266,27,10,9,19,20,3,2,2,3,1,0,0,0,0,1,1.0,0.0,0.0,0.0,0.0,1.0
262,262,27,5,3,3,2,3,0,0,3,1,0,0,0,0,1,0.6666666666666666,0.16666666666666666,0.16666666666666666,0.16666666666666666,0.16666666666666666,0.6666666666666666
263,267,27,12,11,18,18,3,0,0,3,1,0,0,0,0,1,0.3333333333333333,0.3333333333333333,0.3333333333333333,0.3333333333333333,0.3333333333333333,0.3333333333333333
264,270,27,20,26,14,28,3,0,0,3,1,0,0,0,0,1,0.3333333333333333,0.5,0.16666666666666666,0.16666666666666666,0.5,0.3333333333333333
265,263,27,6,4,17,17,2,1,1,2,1,0,0,0,0,1,0.3333333333333333,0.3333333333333333,0.3333333333333333,0.3333333333333333,0.3333333333333333,0.3333333333333333
266,261,27,1,1,8,6,3,2,2,3,1,0,0,0,0,1,0.5,0.3333333333333333,0.16666666666666666,0.16666666666666666,0.3333333333333333,0.5
267,269,27,16,13,2,27,2,0,0,2,1,0,0,0,0,1,0.3333333333333333,0.16666666666666666,0.5,0.5,0.16666666666666666,0.3333333333333333
268,264,27,7,5,13,23,1,0,0,1,1,0,0,0,0,1,0.16666666666666666,0.5,0.3333333333333333,0.3333333333333333,0.5,0.16666666666666666
269,265,27,9,8,11,10,0,1,1,0,0,0,1,1,0,0,0.3333333333333333,0.16666666666666666,0.5,0.5,0.16666666666666666,0.3333333333333333
270,272,28,3,2,6,4,2,2,2,2,0,1,0,0,1,0,0.5,0.3333333333333333,0.16666666666666666,0.16666666666666666,0.3333333333333333,0.5
271,276,28,13,23,5,3,0,0,0,0,0,1,0,0,1,0,0.3333333333333333,0.16666666666666666,0.5,0.5,0.16666666666666666,0.3333333333333333
272,278,28,17,17,20,26,2,3,3,2,0,0,1,1,0,0,0.5,0.16666666666666666,0.3333333333333333,0.3333333333333333,0.16666666666666666,0.5
273,279,28,18,18,10,9,3,0,0,3,1,0,0,0,0,1,0.16666666666666666,0.16666666666666666,0.6666666666666666,0.6666666666666666,0.16666666666666666,0.16666666666666666
274,277,28,14,28,9,8,1,0,0,1,1,0,0,0,0,1,0.3333333333333333,0.3333333333333333,0.3333333333333333,0.3333333333333333,0.3333333333333333,0.3333333333333333
275,280,28,19,20,16,13,3,1,1,3,1,0,0,0,0,1,0.16666666666666666,0.3333333333333333,0.5,0.5,0.3333333333333333,0.16666666666666666
276,273,28,4,21,7,5,0,1,1,0,0,0,1,1,0,0,0.16666666666666666,0.8333333333333334,0.0,0.0,0.8333333333333334,0.16666666666666666
277,274,28,8,6,12,11,1,1,1,1,0,1,0,0,1,0,0.6666666666666666,0.16666666666666666,0.16666666666666666,0.16666666666666666,0.16666666666666666,0.6666666666666666
278,283,29,6,4,8,6,4,0,0,4,1,0,0,0,0,1,0.3333333333333333,0.3333333333333333,0.3333333333333333,0.3333333333333333,0.3333333333333333,0.3333333333333333
279,282,29,5,3,17,17,1,1,1,1,0,1,0,0,1,0,0.5,0.3333333333333333,0.16666666666666666,0.16666666666666666,0.3333333333333333,0.5
280,287,29,12,11,11,10,2,0,0,2,1,0,0,0,0,1,0.3333333333333333,0.16666666666666666,0.5,0.5,0.16666666666666666,0.3333333333333333
281,281,29,1,1,19,20,1,0,0,1,1,0,0,0,0,1,0.8333333333333334,0.16666666666666666,0.0,0.0,0.16666666666666666,0.8333333333333334
282,290,29,20,26,4,21,0,0,0,0,0,1,0,0,1,0,0.3333333333333333,0.5,0.16666666666666666,0.16666666666666666,0.5,0.3333333333333333
283,286,29,10,9,3,2,2,1,1,2,1,0,0,0,0,1,1.0,0.0,0.0,0.0,0.0,1.0
284,285,29,9,8,2,27,4,0,0,4,1,0,0,0,0,1,0.5,0.3333333333333333,0.16666666666666666,0.16666666666666666,0.3333333333333333,0.5
285,288,29,15,29,14,28,1,0,0,1,1,0,0,0,0,1,0.5,0.3333333333333333,0.16666666666666666,0.16666666666666666,0.3333333333333333,0.5
286,289,29,16,13,13,23,0,1,1,0,0,0,1,1,0,0,0.5,0.16666666666666666,0.3333333333333333,0.3333333333333333,0.16666666666666666,0.5
287,284,29,7,5,18,18,1,0,0,1,1,0,0,0,0,1,0.5,0.16666666666666666,0.3333333333333333,0.3333333333333333,0.16666666666666666,0.5
288,293,30,4,21,1,1,2,1,1,2,1,0,0,0,0,1,0.0,0.8333333333333334,0.16666666666666666,0.16666666666666666,0.8333333333333334,0.0
289,300,30,19,20,20,26,0,2,2,0,0,0,1,1,0,0,0.16666666666666666,0.3333333333333333,0.5,0.5,0.3333333333333333,0.16666666666666666
290,295,30,11,10,5,3,5,0,0,5,1,0,0,0,0,1,0.3333333333333333,0.3333333333333333,0.3333333333333333,0.3333333333333333,0.3333333333333333,0.3333333333333333
291,292,30,3,2,7,5,0,2,2,0,0,0,1,1,0,0,0.5,0.3333333333333333,0.16666666666666666,0.16666666666666666,0.3333333333333333,0.5
292,298,30,17,17,12,11,1,1,1,1,0,1,0,0,1,0,0.5,0.16666666666666666,0.3333333333333333,0.3333333333333333,0.16666666666666666,0.5
293,299,30,18,18,9,8,1,1,1,1,0,1,0,0,1,0,0.5,0.3333333333333333,0.16666666666666666,0.16666666666666666,0.3333333333333333,0.5
294,297,30,14,28,16,13,0,3,3,0,0,0,1,1,0,0,0.6666666666666666,0.0,0.3333333333333333,0.3333333333333333,0.0,0.6666666666666666
295,294,30,8,6,10,9,0,0,0,0,0,1,0,0,1,0,0.3333333333333333,0.3333333333333333,0.3333333333333333,0.3333333333333333,0.3333333333333333,0.3333333333333333
296,291,30,2,27,6,4,1,2,2,1,0,0,1,1,0,0,0.3333333333333333,0.3333333333333333,0.3333333333333333,0.3333333333333333,0.3333333333333333,0.3333333333333333
297,271,30,2,27,15,29,0,0,0,0,0,1,0,0,1,0,0.3333333333333333,0.16666666666666666,0.5,0.5,0.16666666666666666,0.3333333333333333
298,275,30,11,10,1,1,3,0,0,3,1,0,0,0,0,1,0.3333333333333333,0.6666666666666666,0.0,0.0,0.6666666666666666,0.3333333333333333
299,296,30,13,23,15,29,3,0,0,3,1,0,0,0,0,1,0.3333333333333333,0.5,0.16666666666666666,0.16666666666666666,0.5,0.3333333333333333
300,303,31,9,8,4,21,0,0,0,0,0,1,0,0,1,0,0.16666666666666666,0.6666666666666666,0.16666666666666666,0.16666666666666666,0.6666666666666666,0.16666666666666666
301,309,31,17,17,19,20,2,0,0,2,1,0,0,0,0,1,0.6666666666666666,0.16666666666666666,0.16666666666666666,0.16666666666666666,0.16666666666666666,0.6666666666666666
302,301,31,5,3,18,18,1,0,0,1,1,0,0,0,0,1,0.5,0.5,0.0,0.0,0.5,0.5
303,310,31,20,26,3,2,1,0,0,1,1,0,0,0,0,1,0.6666666666666666,0.3333333333333333,0.0,0.0,0.3333333333333333,0.6666666666666666
304,305,31,12,11,15,29,3,0,0,3,1,0,0,0,0,1,0.5,0.3333333333333333,0.16666666666666666,0.16666666666666666,0.3333333333333333,0.5
305,307,31,14,28,8,6,0,1,1,0,0,0,1,1,0,0,0.5,0.0,0.5,0.5,0.0,0.5
306,304,31,10,9,7,5,4,0,0,4,1,0,0,0,0,1,0.6666666666666666,0.0,0.3333333333333333,0.3333333333333333,0.0,0.6666666666666666
307,302,31,6,4,11,10,2,1,1,2,1,0,0,0,0,1,0.6666666666666666,0.0,0.3333333333333333,0.3333333333333333,0.0,0.6666666666666666
308,306,31,13,23,2,27,1,1,1,1,0,1,0,0,1,0,0.6666666666666666,0.3333333333333333,0.0,0.0,0.3333333333333333,0.6666666666666666
309,308,31,16,13,1,1,0,2,2,0,0,0,1,1,0,0,0.5,0.16666666666666666,0.3333333333333333,0.3333333333333333,0.16666666666666666,0.5
310,314,32,4,21,12,11,0,3,3,0,0,0,1,1,0,0,0.16666666666666666,0.5,0.3333333333333333,0.3333333333333333,0.5,0.16666666666666666
311,320,32,19,20,6,4,3,2,2,3,1,0,0,0,0,1,0.16666666666666666,0.5,0.3333333333333333,0.3333333333333333,0.5,0.16666666666666666
312,315,32,7,5,5,3,0,1,1,0,0,0,1,1,0,0,0.5,0.16666666666666666,0.3333333333333333,0.3333333333333333,0.16666666666666666,0.5
313,313,32,3,2,13,23,1,4,4,1,0,0,1,1,0,0,0.5,0.16666666666666666,0.3333333333333333,0.3333333333333333,0.16666666666666666,0.5
314,319,32,18,18,16,13,1,3,3,1,0,0,1,1,0,0,0.5,0.16666666666666666,0.3333333333333333,0.3333333333333333,0.16666666666666666,0.5
315,312,32,2,27,20,26,0,1,1,0,0,0,1,1,0,0,0.0,0.3333333333333333,0.6666666666666666,0.6666666666666666,0.3333333333333333,0.0
316,311,32,1,1,14,28,4,0,0,4,1,0,0,0,0,1,0.8333333333333334,0.16666666666666666,0.0,0.0,0.16666666666666666,0.8333333333333334
317,317,32,11,10,10,9,4,0,0,4,1,0,0,0,0,1,0.6666666666666666,0.16666666666666666,0.16666666666666666,0.16666666666666666,0.16666666666666666,0.6666666666666666
318,316,32,8,6,9,8,2,1,1,2,1,0,0,0,0,1,0.3333333333333333,0.6666666666666666,0.0,0.0,0.6666666666666666,0.3333333333333333
319,318,32,15,29,17,17,3,1,1,3,1,0,0,0,0,1,0.5,0.3333333333333333,0.16666666666666666,0.16666666666666666,0.3333333333333333,0.5
320,327,33,14,28,4,21,0,1,1,0,0,0,1,1,0,0,0.16666666666666666,0.5,0.3333333333333333,0.3333333333333333,0.5,0.16666666666666666
321,326,33,13,23,19,20,2,2,2,2,0,1,0,0,1,0,0.6666666666666666,0.3333333333333333,0.0,0.0,0.3333333333333333,0.6666666666666666
322,321,33,5,3,15,29,1,1,1,1,0,1,0,0,1,0,0.6666666666666666,0.3333333333333333,0.0,0.0,0.3333333333333333,0.6666666666666666
323,325,33,12,11,3,2,5,2,2,5,1,0,0,0,0,1,1.0,0.0,0.0,0.0,0.0,1.0
324,322,33,6,4,18,18,3,0,0,3,1,0,0,0,0,1,1.0,0.0,0.0,0.0,0.0,1.0
325,330,33,20,26,1,1,0,2,2,0,0,0,1,1,0,0,0.6666666666666666,0.16666666666666666,0.16666666666666666,0.16666666666666666,0.16666666666666666,0.6666666666666666
326,324,33,10,9,2,27,2,0,0,2,1,0,0,0,0,1,0.8333333333333334,0.16666666666666666,0.0,0.0,0.16666666666666666,0.8333333333333334
327,329,33,17,17,8,6,1,0,0,1,1,0,0,0,0,1,0.5,0.16666666666666666,0.3333333333333333,0.3333333333333333,0.16666666666666666,0.5
328,328,33,16,13,11,10,1,0,0,1,1,0,0,0,0,1,0.5,0.0,0.5,0.5,0.0,0.5
329,323,33,9,8,7,5,3,0,0,3,1,0,0,0,0,1,0.3333333333333333,0.16666666666666666,0.5,0.5,0.16666666666666666,0.3333333333333333
330,334,34,4,21,10,9,1,3,3,1,0,0,1,1,0,0,0.5,0.16666666666666666,0.3333333333333333,0.3333333333333333,0.16666666666666666,0.5
331,340,34,19,20,5,3,0,1,1,0,0,0,1,1,0,0,0.5,0.16666666666666666,0.3333333333333333,0.3333333333333333,0.16666666666666666,0.5
332,333,34,3,2,17,17,0,0,0,0,0,1,0,0,1,0,0.3333333333333333,0.3333333333333333,0.3333333333333333,0.3333333333333333,0.3333333333333333,0.3333333333333333
333,332,34,2,27,12,11,0,3,3,0,0,0,1,1,0,0,0.0,0.5,0.5,0.5,0.5,0.0
334,339,34,18,18,14,28,2,1,1,2,1,0,0,0,0,1,0.6666666666666666,0.16666666666666666,0.16666666666666666,0.16666666666666666,0.16666666666666666,0.6666666666666666
335,338,34,15,29,20,26,1,0,0,1,1,0,0,0,0,1,0.3333333333333333,0.16666666666666666,0.5,0.5,0.16666666666666666,0.3333333333333333
336,335,34,7,5,6,4,2,3,3,2,0,0,1,1,0,0,0.5,0.16666666666666666,0.3333333333333333,0.3333333333333333,0.16666666666666666,0.5
337,336,34,8,6,16,13,1,1,1,1,0,1,0,0,1,0,0.3333333333333333,0.3333333333333333,0.3333333333333333,0.3333333333333333,0.3333333333333333,0.3333333333333333
338,331,34,1,1,9,8,1,1,1,1,0,1,0,0,1,0,0.8333333333333334,0.16666666666666666,0.0,0.0,0.16666666666666666,0.8333333333333334
339,337,34,11,10,13,23,5,0,0,5,1,0,0,0,0,1,0.6666666666666666,0.0,0.3333333333333333,0.3333333333333333,0.0,0.6666666666666666
340,343,35,4,21,11,10,0,5,5,0,0,0,1,1,0,0,0.6666666666666666,0.0,0.3333333333333333,0.3333333333333333,0.0,0.6666666666666666
341,346,35,14,28,19,20,0,4,4,0,0,0,1,1,0,0,0.3333333333333333,0.16666666666666666,0.5,0.5,0.16666666666666666,0.3333333333333333
342,344,35,10,9,5,3,1,1,1,1,0,1,0,0,1,0,0.6666666666666666,0.0,0.3333333333333333,0.3333333333333333,0.0,0.6666666666666666
343,342,35,3,2,9,8,4,1,1,4,1,0,0,0,0,1,0.16666666666666666,0.5,0.3333333333333333,0.3333333333333333,0.5,0.16666666666666666
344,345,35,12,11,16,13,2,2,2,2,0,1,0,0,1,0,0.5,0.16666666666666666,0.3333333333333333,0.3333333333333333,0.16666666666666666,0.5
345,349,35,18,18,13,23,2,1,1,2,1,0,0,0,0,1,0.3333333333333333,0.16666666666666666,0.5,0.5,0.16666666666666666,0.3333333333333333
346,350,35,20,26,8,6,3,0,0,3,1,0,0,0,0,1,0.5,0.16666666666666666,0.3333333333333333,0.3333333333333333,0.16666666666666666,0.5
347,347,35,15,29,6,4,3,0,0,3,1,0,0,0,0,1,0.6666666666666666,0.0,0.3333333333333333,0.3333333333333333,0.0,0.6666666666666666
348,341,35,2,27,7,5,2,0,0,2,1,0,0,0,0,1,0.3333333333333333,0.16666666666666666,0.5,0.5,0.16666666666666666,0.3333333333333333
349,348,35,17,17,1,1,2,1,1,2,1,0,0,0,0,1,0.5,0.16666666666666666,0.3333333333333333,0.3333333333333333,0.16666666666666666,0.5
350,359,36,16,13,4,21,1,1,1,1,0,1,0,0,1,0,0.16666666666666666,0.3333333333333333,0.5,0.5,0.3333333333333333,0.16666666666666666
351,360,36,19,20,18,18,3,1,1,3,1,0,0,0,0,1,0.6666666666666666,0.0,0.3333333333333333,0.3333333333333333,0.0,0.6666666666666666
352,352,36,5,3,20,26,1,1,1,1,0,1,0,0,1,0,0.3333333333333333,0.3333333333333333,0.3333333333333333,0.3333333333333333,0.3333333333333333,0.3333333333333333
353,357,36,11,10,3,2,2,1,1,2,1,0,0,0,0,1,1.0,0.0,0.0,0.0,0.0,1.0
354,354,36,7,5,12,11,0,2,2,0,0,0,1,1,0,0,0.16666666666666666,0.16666666666666666,0.6666666666666666,0.6666666666666666,0.16666666666666666,0.16666666666666666
355,353,36,6,4,14,28,1,0,0,1,1,0,0,0,0,1,1.0,0.0,0.0,0.0,0.0,1.0
356,351,36,1,1,10,9,2,1,1,2,1,0,0,0,0,1,0.5,0.3333333333333333,0.16666666666666666,0.16666666666666666,0.3333333333333333,0.5
357,355,36,8,6,2,27,1,1,1,1,0,1,0,0,1,0,0.5,0.5,0.0,0.0,0.5,0.5
358,358,36,13,23,17,17,1,3,3,1,0,0,1,1,0,0,0.3333333333333333,0.6666666666666666,0.0,0.0,0.6666666666666666,0.3333333333333333
359,356,36,9,8,15,29,2,0,0,2,1,0,0,0,0,1,0.5,0.5,0.0,0.0,0.5,0.5
360,363,37,4,21,13,23,0,0,0,0,0,1,0,0,1,0,0.3333333333333333,0.0,0.6666666666666666,0.6666666666666666,0.0,0.3333333333333333
361,365,37,12,11,19,20,1,1,1,1,0,1,0,0,1,0,0.5,0.3333333333333333,0.16666666666666666,0.16666666666666666,0.3333333333333333,0.5
362,366,37,14,28,5,3,0,2,2,0,0,0,1,1,0,0,0.0,0.16666666666666666,0.8333333333333334,0.8333333333333334,0.16666666666666666,0.0
363,362,37,3,2,16,13,0,2,2,0,0,0,1,1,0,0,0.16666666666666666,0.5,0.3333333333333333,0.3333333333333333,0.5,0.16666666666666666
364,369,37,18,18,11,10,0,4,4,0,0,0,1,1,0,0,0.6666666666666666,0.0,0.3333333333333333,0.3333333333333333,0.0,0.6666666666666666
365,370,37,20,26,7,5,2,0,0,2,1,0,0,0,0,1,0.8333333333333334,0.0,0.16666666666666666,0.16666666666666666,0.0,0.8333333333333334
366,364,37,10,9,6,4,5,3,3,5,1,0,0,0,0,1,0.6666666666666666,0.16666666666666666,0.16666666666666666,0.16666666666666666,0.16666666666666666,0.6666666666666666
367,367,37,15,29,8,6,0,1,1,0,0,0,1,1,0,0,0.8333333333333334,0.0,0.16666666666666666,0.16666666666666666,0.0,0.8333333333333334
368,361,37,2,27,1,1,1,0,0,1,1,0,0,0,0,1,0.3333333333333333,0.0,0.6666666666666666,0.6666666666666666,0.0,0.3333333333333333
369,368,37,17,17,9,8,3,0,0,3,1,0,0,0,0,1,0.8333333333333334,0.16666666666666666,0.0,0.0,0.16666666666666666,0.8333333333333334
370,372,38,5,3,4,21,1,2,2,1,0,0,1,1,0,0,0.16666666666666666,0.6666666666666666,0.16666666666666666,0.16666666666666666,0.6666666666666666,0.16666666666666666
371,380,38,19,20,2,27,1,1,1,1,0,1,0,0,1,0,0.5,0.3333333333333333,0.16666666666666666,0.16666666666666666,0.3333333333333333,0.5
372,375,38,8,6,3,2,1,3,3,1,0,0,1,1,0,0,0.6666666666666666,0.3333333333333333,0.0,0.0,0.3333333333333333,0.6666666666666666
373,376,38,9,8,12,11,0,2,2,0,0,0,1,1,0,0,0.3333333333333333,0.16666666666666666,0.5,0.5,0.16666666666666666,0.3333333333333333
374,371,38,1,1,18,18,3,2,2,3,1,0,0,0,0,1,0.8333333333333334,0.16666666666666666,0.0,0.0,0.16666666666666666,0.8333333333333334
375,373,38,6,4,20,26,2,0,0,2,1,0,0,0,0,1,0.6666666666666666,0.16666666666666666,0.16666666666666666,0.16666666666666666,0.16666666666666666,0.6666666666666666
376,377,38,11,10,14,28,5,0,0,5,1,0,0,0,0,1,1.0,0.0,0.0,0.0,0.0,1.0
377,378,38,13,23,10,9,1,3,3,1,0,0,1,1,0,0,0.3333333333333333,0.3333333333333333,0.3333333333333333,0.3333333333333333,0.3333333333333333,0.3333333333333333
378,379,38,16,13,15,29,3,1,1,3,1,0,0,0,0,1,0.5,0.3333333333333333,0.16666666666666666,0.16666666666666666,0.3333333333333333,0.5
379,374,38,7,5,17,17,1,1,1,1,0,1,0,0,1,0,0.16666666666666666,0.16666666666666666,0.6666666666666666,0.6666666666666666,0.16666666666666666,0.16666666666666666
