,fixture,round,team_home,uniqueid_home,team_away,uniqueid_away,team_home_gs,team_home_gc,team_away_gs,team_away_gc,team_home_win,team_home_draw,team_home_loss,team_away_win,team_away_draw,team_away_loss,home_odds_win_3,home_odds_draw_3,home_odds_loss_3,away_odds_win_3,away_odds_draw_3,away_odds_loss_3
0,5,1,12,9,19,20,4,0,0,4,1,0,0,0,0,1,0.3333333333333333,0.3333333333333333,0.3333333333333333,0.3333333333333333,0.3333333333333333,0.3333333333333333
1,8,1,16,13,4,3,0,0,0,0,0,1,0,0,1,0,0.3333333333333333,0.3333333333333333,0.3333333333333333,0.3333333333333333,0.3333333333333333,0.3333333333333333
2,4,1,10,22,6,4,0,3,3,0,0,0,1,1,0,0,0.3333333333333333,0.3333333333333333,0.3333333333333333,0.3333333333333333,0.3333333333333333,0.3333333333333333
3,1,1,1,1,13,10,0,2,2,0,0,0,1,1,0,0,0.3333333333333333,0.3333333333333333,0.3333333333333333,0.3333333333333333,0.3333333333333333,0.3333333333333333
4,3,1,9,25,7,5,0,2,2,0,0,0,1,1,0,0,0.3333333333333333,0.3333333333333333,0.3333333333333333,0.3333333333333333,0.3333333333333333,0.3333333333333333
5,9,1,18,18,3,21,2,0,0,2,1,0,0,0,0,1,0.3333333333333333,0.3333333333333333,0.3333333333333333,0.3333333333333333,0.3333333333333333,0.3333333333333333
6,10,1,20,26,8,6,2,2,2,2,0,1,0,0,1,0,0.3333333333333333,0.3333333333333333,0.3333333333333333,0.3333333333333333,0.3333333333333333,0.3333333333333333
7,2,1,2,2,5,24,2,0,0,2,1,0,0,0,0,1,0.3333333333333333,0.3333333333333333,0.3333333333333333,0.3333333333333333,0.3333333333333333,0.3333333333333333
8,6,1,14,11,11,8,2,1,1,2,1,0,0,0,0,1,0.3333333333333333,0.3333333333333333,0.3333333333333333,0.3333333333333333,0.3333333333333333,0.3333333333333333
9,7,1,15,23,17,17,1,2,2,1,0,0,1,1,0,0,0.3333333333333333,0.3333333333333333,0.3333333333333333,0.3333333333333333,0.3333333333333333,0.3333333333333333
10,20,2,19,20,2,2,1,2,2,1,0,0,1,1,0,0,0.3333333333333333,0.3333333333333333,0.3333333333333333,0.3333333333333333,0.3333333333333333,0.3333333333333333
11,12,2,4,3,18,18,1,3,3,1,0,0,1,1,0,0,0.3333333333333333,0.3333333333333333,0.3333333333333333,0.3333333333333333,0.3333333333333333,0.3333333333333333
12,18,2,13,10,10,22,6,1,1,6,1,0,0,0,0,1,0.3333333333333333,0.3333333333333333,0.3333333333333333,0.3333333333333333,0.3333333333333333,0.3333333333333333
13,14,2,6,4,1,1,3,2,2,3,1,0,0,0,0,1,0.3333333333333333,0.3333333333333333,0.3333333333333333,0.3333333333333333,0.3333333333333333,0.3333333333333333
14,15,2,7,5,12,9,0,2,2,0,0,0,1,1,0,0,0.3333333333333333,0.3333333333333333,0.3333333333333333,0.3333333333333333,0.3333333333333333,0.3333333333333333
15,19,2,17,17,9,25,3,1,1,3,1,0,0,0,0,1,0.3333333333333333,0.3333333333333333,0.3333333333333333,0.3333333333333333,0.3333333333333333,0.3333333333333333
16,17,2,11,8,20,26,2,0,0,2,1,0,0,0,0,1,0.3333333333333333,0.3333333333333333,0.3333333333333333,0.3333333333333333,0.3333333333333333,0.3333333333333333
17,16,2,8,6,16,13,2,1,1,2,1,0,0,0,0,1,0.3333333333333333,0.3333333333333333,0.3333333333333333,0.3333333333333333,0.3333333333333333,0.3333333333333333
18,11,2,3,21,14,11,3,2,2,3,1,0,0,0,0,1,0.3333333333333333,0.3333333333333333,0.3333333333333333,0.3333333333333333,0.3333333333333333,0.3333333333333333
19,13,2,5,24,15,23,0,0,0,0,0,1,0,0,1,0,0.3333333333333333,0.3333333333333333,0.3333333333333333,0.3333333333333333,0.3333333333333333,0.3333333333333333
20,21,3,1,1,19,20,3,1,1,3,1,0,0,0,0,1,0.5,0.0,0.5,0.5,0.0,0.5
21,23,3,9,25,4,3,4,2,2,4,1,0,0,0,0,1,0.0,0.5,0.5,0.5,0.5,0.0
22,24,3,10,22,5,24,0,0,0,0,0,1,0,0,1,0,0.5,0.0,0.5,0.5,0.0,0.5
23,29,3,18,18,7,5,2,1,1,2,1,0,0,0,0,1,0.5,0.0,0.5,0.5,0.0,0.5
24,30,3,20,26,13,10,1,1,1,1,0,1,0,0,1,0,0.0,0.5,0.5,0.5,0.5,0.0
25,25,3,12,9,3,21,1,0,0,1,1,0,0,0,0,1,1.0,0.0,0.0,0.0,0.0,1.0
26,22,3,2,2,8,6,2,2,2,2,0,1,0,0,1,0,0.5,0.5,0.0,0.0,0.5,0.5
27,28,3,16,13,11,8,1,2,2,1,0,0,1,1,0,0,0.5,0.5,0.0,0.0,0.5,0.5
28,26,3,14,11,17,17,0,3,3,0,0,0,1,1,0,0,0.5,0.0,0.5,0.5,0.0,0.5
29,27,3,15,23,6,4,1,2,2,1,0,0,1,1,0,0,0.0,0.0,1.0,1.0,0.0,0.0
30,40,4,19,20,20,26,0,1,1,0,0,0,1,1,0,0,0.5,0.0,0.5,0.5,0.0,0.5
31,32,4,4,3,14,11,0,2,2,0,0,0,1,1,0,0,0.5,0.0,0.5,0.5,0.0,0.5
32,36,4,8,6,10,22,1,1,1,1,0,1,0,0,1,0,1.0,0.0,0.0,0.0,0.0,1.0
33,33,4,5,24,1,1,2,3,3,2,0,0,1,1,0,0,0.5,0.5,0.0,0.0,0.5,0.5
34,35,4,7,5,16,13,0,2,2,0,0,0,1,1,0,0,0.5,0.0,0.5,0.5,0.0,0.5
35,39,4,18,18,17,17,2,1,1,2,1,0,0,0,0,1,0.5,0.0,0.5,0.5,0.0,0.5
36,31,4,3,21,9,25,2,2,2,2,0,1,0,0,1,0,1.0,0.0,0.0,0.0,0.0,1.0
37,37,4,11,8,12,9,1,2,2,1,0,0,1,1,0,0,0.5,0.0,0.5,0.5,0.0,0.5
38,34,4,6,4,2,2,2,0,0,2,1,0,0,0,0,1,0.5,0.0,0.5,0.5,0.0,0.5
39,38,4,13,10,15,23,2,1,1,2,1,0,0,0,0,1,0.5,0.5,0.0,0.0,0.5,0.5
40,43,5,8,6,19,20,1,3,3,1,0,0,1,1,0,0,0.75,0.25,0.0,0.0,0.25,0.75
41,50,5,20,26,4,3,1,0,0,1,1,0,0,0,0,1,0.25,0.75,0.0,0.0,0.75,0.25
42,44,5,10,22,7,5,0,1,1,0,0,0,1,1,0,0,0.25,0.25,0.5,0.5,0.25,0.25
43,46,5,15,23,1,1,1,2,2,1,0,0,1,1,0,0,0.25,0.0,0.75,0.75,0.0,0.25
44,49,5,18,18,14,11,1,2,2,1,0,0,1,1,0,0,0.8,0.0,0.2,0.2,0.0,0.8
45,45,5,13,10,9,25,3,0,0,3,1,0,0,0,0,1,0.75,0.25,0.0,0.0,0.25,0.75
46,48,5,17,17,12,9,1,2,2,1,0,0,1,1,0,0,0.3333333333333333,0.0,0.6666666666666666,0.6666666666666666,0.0,0.3333333333333333
47,41,5,2,2,11,8,4,2,2,4,1,0,0,0,0,1,0.5,0.25,0.25,0.25,0.25,0.5
48,47,5,16,13,3,21,2,2,2,2,0,1,0,0,1,0,0.5,0.25,0.25,0.25,0.25,0.5
49,42,5,6,4,5,24,4,1,1,4,1,0,0,0,0,1,0.75,0.25,0.0,0.0,0.25,0.75
50,60,6,19,20,6,4,0,0,0,0,0,1,0,0,1,0,0.0,0.0,1.0,1.0,0.0,0.0
51,53,6,4,3,2,2,4,0,0,4,1,0,0,0,0,1,0.25,0.0,0.75,0.75,0.0,0.25
52,57,6,11,8,10,22,3,1,1,3,1,0,0,0,0,1,0.5,0.25,0.25,0.25,0.25,0.5
53,51,6,1,1,8,6,2,0,0,2,1,0,0,0,0,1,0.25,0.5,0.25,0.25,0.5,0.25
54,55,6,7,5,15,23,0,0,0,0,0,1,0,0,1,0,0.25,0.25,0.5,0.5,0.25,0.25
55,56,6,9,25,18,18,1,1,1,1,0,1,0,0,1,0,0.3333333333333333,0.0,0.6666666666666666,0.6666666666666666,0.0,0.3333333333333333
56,59,6,14,11,20,26,1,1,1,1,0,1,0,0,1,0,0.5,0.0,0.5,0.5,0.0,0.5
57,58,6,12,9,16,13,3,0,0,3,1,0,0,0,0,1,0.75,0.0,0.25,0.25,0.0,0.75
58,54,6,5,24,13,10,0,5,5,0,0,0,1,1,0,0,0.0,0.5,0.5,0.5,0.5,0.0
59,52,6,3,21,17,17,1,2,2,1,0,0,1,1,0,0,0.4,0.2,0.4,0.4,0.2,0.4
60,69,7,19,20,14,11,3,1,1,3,1,0,0,0,0,1,0.16666666666666666,0.16666666666666666,0.6666666666666666,0.6666666666666666,0.16666666666666666,0.16666666666666666
61,63,7,5,24,4,3,1,2,2,1,0,0,1,1,0,0,0.3333333333333333,0.3333333333333333,0.3333333333333333,0.3333333333333333,0.3333333333333333,0.3333333333333333
62,66,7,10,22,17,17,0,2,2,0,0,0,1,1,0,0,0.16666666666666666,0.16666666666666666,0.6666666666666666,0.6666666666666666,0.16666666666666666,0.16666666666666666
63,61,7,1,1,18,18,2,0,0,2,1,0,0,0,0,1,0.4,0.2,0.4,0.4,0.2,0.4
64,62,7,2,2,7,5,2,1,1,2,1,0,0,0,0,1,0.5,0.16666666666666666,0.3333333333333333,0.3333333333333333,0.16666666666666666,0.5
65,65,7,8,6,9,25,3,0,0,3,1,0,0,0,0,1,0.5,0.3333333333333333,0.16666666666666666,0.16666666666666666,0.3333333333333333,0.5
66,70,7,20,26,16,13,2,0,0,2,1,0,0,0,0,1,0.5,0.3333333333333333,0.16666666666666666,0.16666666666666666,0.3333333333333333,0.5
67,64,7,6,4,12,9,1,1,1,1,0,1,0,0,1,0,0.5,0.0,0.5,0.5,0.0,0.5
68,68,7,15,23,11,8,0,2,2,0,0,0,1,1,0,0,0.3333333333333333,0.0,0.6666666666666666,0.6666666666666666,0.0,0.3333333333333333
69,67,7,13,10,3,21,2,0,0,2,1,0,0,0,0,1,0.8333333333333334,0.16666666666666666,0.0,0.0,0.16666666666666666,0.8333333333333334
70,71,8,3,21,19,20,1,0,0,1,1,0,0,0,0,1,0.5,0.16666666666666666,0.3333333333333333,0.3333333333333333,0.16666666666666666,0.5
71,72,8,4,3,10,22,1,1,1,1,0,1,0,0,1,0,0.5,0.16666666666666666,0.3333333333333333,0.3333333333333333,0.16666666666666666,0.5
72,74,8,9,25,1,1,1,5,5,1,0,0,1,1,0,0,0.3333333333333333,0.16666666666666666,0.5,0.5,0.16666666666666666,0.3333333333333333
73,73,8,7,5,20,26,0,1,1,0,0,0,1,1,0,0,0.16666666666666666,0.3333333333333333,0.5,0.5,0.3333333333333333,0.16666666666666666
74,80,8,18,18,2,2,0,4,4,0,0,0,1,1,0,0,0.6666666666666666,0.0,0.3333333333333333,0.3333333333333333,0.0,0.6666666666666666
75,76,8,12,9,13,10,0,0,0,0,0,1,0,0,1,0,0.5,0.16666666666666666,0.3333333333333333,0.3333333333333333,0.16666666666666666,0.5
76,75,8,11,8,8,6,1,2,2,1,0,0,1,1,0,0,0.5,0.3333333333333333,0.16666666666666666,0.16666666666666666,0.3333333333333333,0.5
77,77,8,14,11,15,23,3,2,2,3,1,0,0,0,0,1,0.3333333333333333,0.5,0.16666666666666666,0.16666666666666666,0.5,0.3333333333333333
78,78,8,16,13,6,4,0,3,3,0,0,0,1,1,0,0,0.0,0.5,0.5,0.5,0.5,0.0
79,79,8,17,17,5,24,1,0,0,1,1,0,0,0,0,1,0.6,0.2,0.2,0.2,0.2,0.6
80,89,9,19,20,17,17,0,1,1,0,0,0,1,1,0,0,0.3333333333333333,0.16666666666666666,0.5,0.5,0.16666666666666666,0.3333333333333333
81,87,9,13,10,4,3,5,0,0,5,1,0,0,0,0,1,0.8333333333333334,0.0,0.16666666666666666,0.16666666666666666,0.0,0.8333333333333334
82,86,9,10,22,12,9,0,1,1,0,0,0,1,1,0,0,0.0,0.3333333333333333,0.6666666666666666,0.6666666666666666,0.3333333333333333,0.0
83,81,9,1,1,11,8,3,1,1,3,1,0,0,0,0,1,0.6666666666666666,0.0,0.3333333333333333,0.3333333333333333,0.0,0.6666666666666666
84,85,9,8,6,7,5,2,0,0,2,1,0,0,0,0,1,0.5,0.16666666666666666,0.3333333333333333,0.3333333333333333,0.16666666666666666,0.5
85,90,9,20,26,18,18,0,2,2,0,0,0,1,1,0,0,0.5,0.3333333333333333,0.16666666666666666,0.16666666666666666,0.3333333333333333,0.5
86,83,9,5,24,9,25,4,2,2,4,1,0,0,0,0,1,0.3333333333333333,0.16666666666666666,0.5,0.5,0.16666666666666666,0.3333333333333333
87,82,9,2,2,16,13,0,0,0,0,0,1,0,0,1,0,0.6666666666666666,0.16666666666666666,0.16666666666666666,0.16666666666666666,0.16666666666666666,0.6666666666666666
88,84,9,6,4,14,11,2,2,2,2,0,1,0,0,1,0,0.5,0.16666666666666666,0.3333333333333333,0.3333333333333333,0.16666666666666666,0.5
89,88,9,15,23,3,21,0,1,1,0,0,0,1,1,0,0,0.3333333333333333,0.16666666666666666,0.5,0.5,0.16666666666666666,0.3333333333333333
90,95,10,11,8,19,20,1,1,1,1,0,1,0,0,1,0,0.5,0.0,0.5,0.5,0.0,0.5
91,92,10,4,3,6,4,0,4,4,0,0,0,1,1,0,0,0.16666666666666666,0.3333333333333333,0.5,0.5,0.3333333333333333,0.16666666666666666
92,100,10,18,18,10,22,3,0,0,3,1,0,0,0,0,1,0.3333333333333333,0.3333333333333333,0.3333333333333333,0.3333333333333333,0.3333333333333333,0.3333333333333333
93,93,10,7,5,1,1,2,2,2,2,0,1,0,0,1,0,0.0,0.16666666666666666,0.8333333333333334,0.8333333333333334,0.16666666666666666,0.0
94,94,10,9,25,2,2,0,3,3,0,0,0,1,1,0,0,0.5,0.16666666666666666,0.3333333333333333,0.3333333333333333,0.16666666666666666,0.5
95,91,10,3,21,20,26,1,0,0,1,1,0,0,0,0,1,0.16666666666666666,0.3333333333333333,0.5,0.5,0.3333333333333333,0.16666666666666666
96,96,10,12,9,5,24,4,1,1,4,1,0,0,0,0,1,0.6666666666666666,0.3333333333333333,0.0,0.0,0.3333333333333333,0.6666666666666666
97,97,10,14,11,8,6,2,1,1,2,1,0,0,0,0,1,0.3333333333333333,0.3333333333333333,0.3333333333333333,0.3333333333333333,0.3333333333333333,0.3333333333333333
98,98,10,16,13,15,23,0,0,0,0,0,1,0,0,1,0,0.3333333333333333,0.3333333333333333,0.3333333333333333,0.3333333333333333,0.3333333333333333,0.3333333333333333
99,99,10,17,17,13,10,0,1,1,0,0,0,1,1,0,0,0.3333333333333333,0.3333333333333333,0.3333333333333333,0.3333333333333333,0.3333333333333333,0.3333333333333333
100,109,11,19,20,4,3,4,2,2,4,1,0,0,0,0,1,0.5,0.16666666666666666,0.3333333333333333,0.3333333333333333,0.16666666666666666,0.5
101,106,11,10,22,9,25,1,0,0,1,1,0,0,0,0,1,0.5,0.0,0.5,0.5,0.0,0.5
102,101,11,1,1,12,9,1,1,1,1,0,1,0,0,1,0,0.5,0.16666666666666666,0.3333333333333333,0.3333333333333333,0.16666666666666666,0.5
103,104,11,6,4,7,5,3,1,1,3,1,0,0,0,0,1,0.5,0.3333333333333333,0.16666666666666666,0.16666666666666666,0.3333333333333333,0.5
104,108,11,15,23,18,18,1,0,0,1,1,0,0,0,0,1,0.16666666666666666,0.16666666666666666,0.6666666666666666,0.6666666666666666,0.16666666666666666,0.16666666666666666
105,110,11,20,26,17,17,2,3,3,2,0,0,1,1,0,0,0.3333333333333333,0.0,0.6666666666666666,0.6666666666666666,0.0,0.3333333333333333
106,102,11,2,2,14,11,1,2,2,1,0,0,1,1,0,0,0.5,0.3333333333333333,0.16666666666666666,0.16666666666666666,0.3333333333333333,0.5
107,105,11,8,6,3,21,3,1,1,3,1,0,0,0,0,1,0.5,0.16666666666666666,0.3333333333333333,0.3333333333333333,0.16666666666666666,0.5
108,103,11,5,24,11,8,0,1,1,0,0,0,1,1,0,0,0.5,0.0,0.5,0.5,0.0,0.5
109,107,11,13,10,16,13,6,1,1,6,1,0,0,0,0,1,0.8333333333333334,0.16666666666666666,0.0,0.0,0.16666666666666666,0.8333333333333334
110,115,12,10,22,19,20,1,1,1,1,0,1,0,0,1,0,0.3333333333333333,0.16666666666666666,0.5,0.5,0.16666666666666666,0.3333333333333333
111,116,12,11,8,4,3,0,0,0,0,0,1,0,0,1,0,0.5,0.16666666666666666,0.3333333333333333,0.3333333333333333,0.16666666666666666,0.5
112,111,12,1,1,20,26,1,1,1,1,0,1,0,0,1,0,0.5,0.3333333333333333,0.16666666666666666,0.16666666666666666,0.3333333333333333,0.5
113,114,12,7,5,17,17,0,1,1,0,0,0,1,1,0,0,0.0,0.3333333333333333,0.6666666666666666,0.6666666666666666,0.3333333333333333,0.0
114,120,12,16,13,18,18,1,1,1,1,0,1,0,0,1,0,0.3333333333333333,0.3333333333333333,0.3333333333333333,0.3333333333333333,0.3333333333333333,0.3333333333333333
115,117,12,12,9,9,25,2,0,0,2,1,0,0,0,0,1,0.8333333333333334,0.16666666666666666,0.0,0.0,0.16666666666666666,0.8333333333333334
116,119,12,15,23,2,2,2,1,1,2,1,0,0,0,0,1,0.3333333333333333,0.0,0.6666666666666666,0.6666666666666666,0.0,0.3333333333333333
117,113,12,6,4,8,6,0,0,0,0,0,1,0,0,1,0,0.5,0.3333333333333333,0.16666666666666666,0.16666666666666666,0.3333333333333333,0.5
118,118,12,13,10,14,11,3,1,1,3,1,0,0,0,0,1,0.6666666666666666,0.16666666666666666,0.16666666666666666,0.16666666666666666,0.16666666666666666,0.6666666666666666
119,112,12,5,24,3,21,2,1,1,2,1,0,0,0,0,1,0.5,0.0,0.5,0.5,0.0,0.5
120,129,13,19,20,13,10,0,4,4,0,0,0,1,1,0,0,0.3333333333333333,0.16666666666666666,0.5,0.5,0.16666666666666666,0.3333333333333333
121,123,13,4,3,15,23,1,2,2,1,0,0,1,1,0,0,0.3333333333333333,0.5,0.16666666666666666,0.16666666666666666,0.5,0.3333333333333333
122,130,13,20,26,10,22,0,2,2,0,0,0,1,1,0,0,0.5,0.16666666666666666,0.3333333333333333,0.3333333333333333,0.16666666666666666,0.5
123,121,13,2,2,1,1,1,2,2,1,0,0,1,1,0,0,0.16666666666666666,0.3333333333333333,0.5,0.5,0.3333333333333333,0.16666666666666666
124,126,13,14,11,7,5,0,0,0,0,0,1,0,0,1,0,0.8333333333333334,0.16666666666666666,0.0,0.0,0.16666666666666666,0.8333333333333334
125,128,13,18,18,12,9,0,3,3,0,0,0,1,1,0,0,0.16666666666666666,0.3333333333333333,0.5,0.5,0.3333333333333333,0.16666666666666666
126,125,13,9,25,16,13,3,2,2,3,1,0,0,0,0,1,0.3333333333333333,0.3333333333333333,0.3333333333333333,0.3333333333333333,0.3333333333333333,0.3333333333333333
127,124,13,8,6,5,24,1,0,0,1,1,0,0,0,0,1,1.0,0.0,0.0,0.0,0.0,1.0
128,122,13,3,21,11,8,1,1,1,1,0,1,0,0,1,0,0.5,0.0,0.5,0.5,0.0,0.5
129,127,13,17,17,6,4,3,1,1,3,1,0,0,0,0,1,0.16666666666666666,0.16666666666666666,0.6666666666666666,0.6666666666666666,0.16666666666666666,0.16666666666666666
130,139,14,15,23,19,20,0,3,3,0,0,0,1,1,0,0,0.5,0.3333333333333333,0.16666666666666666,0.16666666666666666,0.3333333333333333,0.5
131,134,14,7,5,4,3,2,0,0,2,1,0,0,0,0,1,0.3333333333333333,0.3333333333333333,0.3333333333333333,0.3333333333333333,0.3333333333333333,0.3333333333333333
132,135,14,10,22,3,21,1,2,2,1,0,0,1,1,0,0,0.5,0.16666666666666666,0.3333333333333333,0.3333333333333333,0.16666666666666666,0.5
133,131,14,1,1,17,17,4,2,2,4,1,0,0,0,0,1,0.16666666666666666,0.3333333333333333,0.5,0.5,0.3333333333333333,0.16666666666666666
134,136,14,11,8,18,18,2,0,0,2,1,0,0,0,0,1,0.16666666666666666,0.5,0.3333333333333333,0.3333333333333333,0.5,0.16666666666666666
135,133,14,6,4,9,25,2,0,0,2,1,0,0,0,0,1,0.6666666666666666,0.3333333333333333,0.0,0.0,0.3333333333333333,0.6666666666666666
136,132,14,5,24,20,26,2,1,1,2,1,0,0,0,0,1,0.5,0.16666666666666666,0.3333333333333333,0.3333333333333333,0.16666666666666666,0.5
137,137,14,12,9,8,6,1,0,0,1,1,0,0,0,0,1,0.5,0.3333333333333333,0.16666666666666666,0.16666666666666666,0.3333333333333333,0.5
138,138,14,13,10,2,2,3,1,1,3,1,0,0,0,0,1,0.6666666666666666,0.0,0.3333333333333333,0.3333333333333333,0.0,0.6666666666666666
139,140,14,16,13,14,11,2,2,2,2,0,1,0,0,1,0,0.16666666666666666,0.5,0.3333333333333333,0.3333333333333333,0.5,0.16666666666666666
140,147,15,19,20,5,24,3,1,1,3,1,0,0,0,0,1,0.6666666666666666,0.0,0.3333333333333333,0.3333333333333333,0.0,0.6666666666666666
141,143,15,4,3,12,9,1,3,3,1,0,0,1,1,0,0,0.0,0.3333333333333333,0.6666666666666666,0.6666666666666666,0.3333333333333333,0.0
142,141,15,2,2,10,22,2,1,1,2,1,0,0,0,0,1,0.16666666666666666,0.3333333333333333,0.5,0.5,0.3333333333333333,0.16666666666666666
143,145,15,14,11,1,1,2,2,2,2,0,1,0,0,1,0,0.3333333333333333,0.3333333333333333,0.3333333333333333,0.3333333333333333,0.3333333333333333,0.3333333333333333
144,142,15,3,21,7,5,3,1,1,3,1,0,0,0,0,1,0.6666666666666666,0.3333333333333333,0.0,0.0,0.3333333333333333,0.6666666666666666
145,146,15,18,18,13,10,1,2,2,1,0,0,1,1,0,0,0.16666666666666666,0.16666666666666666,0.6666666666666666,0.6666666666666666,0.16666666666666666,0.16666666666666666
146,144,15,9,25,11,8,1,1,1,1,0,1,0,0,1,0,0.3333333333333333,0.16666666666666666,0.5,0.5,0.16666666666666666,0.3333333333333333
147,148,15,20,26,6,4,2,1,1,2,1,0,0,0,0,1,0.16666666666666666,0.0,0.8333333333333334,0.8333333333333334,0.0,0.16666666666666666
148,149,15,8,6,15,23,1,1,1,1,0,1,0,0,1,0,0.6666666666666666,0.16666666666666666,0.16666666666666666,0.16666666666666666,0.16666666666666666,0.6666666666666666
149,150,15,17,17,16,13,3,1,1,3,1,0,0,0,0,1,0.6666666666666666,0.16666666666666666,0.16666666666666666,0.16666666666666666,0.16666666666666666,0.6666666666666666
150,160,16,19,20,7,5,3,2,2,3,1,0,0,0,0,1,0.6666666666666666,0.16666666666666666,0.16666666666666666,0.16666666666666666,0.16666666666666666,0.6666666666666666
151,153,16,4,3,3,21,1,0,0,1,1,0,0,0,0,1,0.3333333333333333,0.0,0.6666666666666666,0.6666666666666666,0.0,0.3333333333333333
152,151,16,1,1,10,22,1,0,0,1,1,0,0,0,0,1,0.5,0.3333333333333333,0.16666666666666666,0.16666666666666666,0.3333333333333333,0.5
153,156,16,8,6,18,18,2,2,2,2,0,1,0,0,1,0,0.6666666666666666,0.3333333333333333,0.0,0.0,0.3333333333333333,0.6666666666666666
154,158,16,14,11,9,25,4,1,1,4,1,0,0,0,0,1,0.6666666666666666,0.3333333333333333,0.0,0.0,0.3333333333333333,0.6666666666666666
155,159,16,15,23,20,26,1,2,2,1,0,0,1,1,0,0,0.6666666666666666,0.16666666666666666,0.16666666666666666,0.16666666666666666,0.16666666666666666,0.6666666666666666
156,152,16,2,2,12,9,0,4,4,0,0,0,1,1,0,0,0.16666666666666666,0.16666666666666666,0.6666666666666666,0.6666666666666666,0.16666666666666666,0.16666666666666666
157,157,16,11,8,17,17,0,2,2,0,0,0,1,1,0,0,0.3333333333333333,0.3333333333333333,0.3333333333333333,0.3333333333333333,0.3333333333333333,0.3333333333333333
158,154,16,5,24,16,13,1,0,0,1,1,0,0,0,0,1,0.8333333333333334,0.0,0.16666666666666666,0.16666666666666666,0.0,0.8333333333333334
159,155,16,6,4,13,10,2,0,0,2,1,0,0,0,0,1,0.3333333333333333,0.16666666666666666,0.5,0.5,0.16666666666666666,0.3333333333333333
160,163,17,9,25,19,20,0,2,2,0,0,0,1,1,0,0,0.16666666666666666,0.5,0.3333333333333333,0.3333333333333333,0.5,0.16666666666666666
161,168,17,17,17,4,3,1,0,0,1,1,0,0,0,0,1,0.6666666666666666,0.16666666666666666,0.16666666666666666,0.16666666666666666,0.16666666666666666,0.6666666666666666
162,164,17,10,22,15,23,0,1,1,0,0,0,1,1,0,0,0.16666666666666666,0.5,0.3333333333333333,0.3333333333333333,0.5,0.16666666666666666
163,167,17,16,13,1,1,3,2,2,3,1,0,0,0,0,1,0.0,0.8333333333333334,0.16666666666666666,0.16666666666666666,0.8333333333333334,0.0
164,162,17,7,5,11,8,1,0,0,1,1,0,0,0,0,1,0.16666666666666666,0.5,0.3333333333333333,0.3333333333333333,0.5,0.16666666666666666
165,169,17,18,18,5,24,3,2,2,3,1,0,0,0,0,1,0.6666666666666666,0.0,0.3333333333333333,0.3333333333333333,0.0,0.6666666666666666
166,170,17,20,26,2,2,2,0,0,2,1,0,0,0,0,1,0.5,0.0,0.5,0.5,0.0,0.5
167,165,17,12,9,14,11,3,1,1,3,1,0,0,0,0,1,0.6666666666666666,0.16666666666666666,0.16666666666666666,0.16666666666666666,0.16666666666666666,0.6666666666666666
168,166,17,13,10,8,6,3,1,1,3,1,0,0,0,0,1,0.8333333333333334,0.16666666666666666,0.0,0.0,0.16666666666666666,0.8333333333333334
169,161,17,3,21,6,4,1,2,2,1,0,0,1,1,0,0,0.6666666666666666,0.16666666666666666,0.16666666666666666,0.16666666666666666,0.16666666666666666,0.6666666666666666
170,179,18,19,20,18,18,0,2,2,0,0,0,1,1,0,0,0.5,0.3333333333333333,0.16666666666666666,0.16666666666666666,0.3333333333333333,0.5
171,171,18,1,1,4,3,3,1,1,3,1,0,0,0,0,1,0.6666666666666666,0.3333333333333333,0.0,0.0,0.3333333333333333,0.6666666666666666
172,176,18,10,22,16,13,1,3,3,1,0,0,1,1,0,0,0.5,0.16666666666666666,0.3333333333333333,0.3333333333333333,0.16666666666666666,0.5
173,177,18,13,10,7,5,2,3,3,2,0,0,1,1,0,0,0.8333333333333334,0.16666666666666666,0.0,0.0,0.16666666666666666,0.8333333333333334
174,178,18,15,23,9,25,0,0,0,0,0,1,0,0,1,0,0.6666666666666666,0.0,0.3333333333333333,0.3333333333333333,0.0,0.6666666666666666
175,180,18,20,26,12,9,0,2,2,0,0,0,1,1,0,0,0.3333333333333333,0.0,0.6666666666666666,0.6666666666666666,0.0,0.3333333333333333
176,172,18,2,2,3,21,2,0,0,2,1,0,0,0,0,1,0.5,0.0,0.5,0.5,0.0,0.5
177,175,18,8,6,17,17,2,6,6,2,0,0,1,1,0,0,0.3333333333333333,0.3333333333333333,0.3333333333333333,0.3333333333333333,0.3333333333333333,0.3333333333333333
178,174,18,6,4,11,8,0,1,1,0,0,0,1,1,0,0,0.5,0.5,0.0,0.0,0.5,0.5
179,173,18,5,24,14,11,1,5,5,1,0,0,1,1,0,0,0.8333333333333334,0.16666666666666666,0.0,0.0,0.16666666666666666,0.8333333333333334
180,188,19,16,13,19,20,1,2,2,1,0,0,1,1,0,0,0.16666666666666666,0.5,0.3333333333333333,0.3333333333333333,0.5,0.16666666666666666
181,182,19,4,3,8,6,1,5,5,1,0,0,1,1,0,0,0.5,0.16666666666666666,0.3333333333333333,0.3333333333333333,0.16666666666666666,0.5
182,187,19,14,11,10,22,3,1,1,3,1,0,0,0,0,1,0.5,0.3333333333333333,0.16666666666666666,0.16666666666666666,0.3333333333333333,0.5
183,181,19,3,21,1,1,1,1,1,1,0,1,0,0,1,0,0.3333333333333333,0.3333333333333333,0.3333333333333333,0.3333333333333333,0.3333333333333333,0.3333333333333333
184,183,19,7,5,5,24,0,0,0,0,0,1,0,0,1,0,0.8333333333333334,0.0,0.16666666666666666,0.16666666666666666,0.0,0.8333333333333334
185,190,19,18,18,6,4,1,2,2,1,0,0,1,1,0,0,0.5,0.0,0.5,0.5,0.0,0.5
186,184,19,9,25,20,26,1,1,1,1,0,1,0,0,1,0,0.3333333333333333,0.3333333333333333,0.3333333333333333,0.3333333333333333,0.3333333333333333,0.3333333333333333
187,186,19,12,9,15,23,4,0,0,4,1,0,0,0,0,1,0.5,0.16666666666666666,0.3333333333333333,0.3333333333333333,0.16666666666666666,0.5
188,189,19,17,17,2,2,5,0,0,5,1,0,0,0,0,1,1.0,0.0,0.0,0.0,0.0,1.0
189,185,19,11,8,13,10,2,1,1,2,1,0,0,0,0,1,0.3333333333333333,0.16666666666666666,0.5,0.5,0.16666666666666666,0.3333333333333333
190,192,20,4,3,19,20,2,0,0,2,1,0,0,0,0,1,0.16666666666666666,0.0,0.8333333333333334,0.8333333333333334,0.0,0.16666666666666666
191,194,20,9,25,10,22,1,0,0,1,1,0,0,0,0,1,0.5,0.3333333333333333,0.16666666666666666,0.16666666666666666,0.3333333333333333,0.5
192,196,20,12,9,1,1,5,1,1,5,1,0,0,0,0,1,0.6666666666666666,0.3333333333333333,0.0,0.0,0.3333333333333333,0.6666666666666666
193,193,20,7,5,6,4,0,1,1,0,0,0,1,1,0,0,0.5,0.16666666666666666,0.3333333333333333,0.3333333333333333,0.16666666666666666,0.5
194,200,20,18,18,15,23,1,1,1,1,0,1,0,0,1,0,0.3333333333333333,0.16666666666666666,0.5,0.5,0.16666666666666666,0.3333333333333333
195,199,20,17,17,20,26,1,3,3,1,0,0,1,1,0,0,0.6666666666666666,0.16666666666666666,0.16666666666666666,0.16666666666666666,0.16666666666666666,0.6666666666666666
196,197,20,14,11,2,2,4,1,1,4,1,0,0,0,0,1,0.8333333333333334,0.16666666666666666,0.0,0.0,0.16666666666666666,0.8333333333333334
197,191,20,3,21,8,6,1,0,0,1,1,0,0,0,0,1,0.5,0.16666666666666666,0.3333333333333333,0.3333333333333333,0.16666666666666666,0.5
198,195,20,11,8,5,24,0,1,1,0,0,0,1,1,0,0,0.6666666666666666,0.16666666666666666,0.16666666666666666,0.16666666666666666,0.16666666666666666,0.6666666666666666
199,198,20,16,13,13,10,1,3,3,1,0,0,1,1,0,0,0.5,0.16666666666666666,0.3333333333333333,0.3333333333333333,0.16666666666666666,0.5
200,209,21,19,20,3,21,2,2,2,2,0,1,0,0,1,0,0.6666666666666666,0.0,0.3333333333333333,0.3333333333333333,0.0,0.6666666666666666
201,206,21,10,22,4,3,1,2,2,1,0,0,1,1,0,0,0.5,0.0,0.5,0.5,0.0,0.5
202,201,21,1,1,9,25,4,1,1,4,1,0,0,0,0,1,0.8333333333333334,0.16666666666666666,0.0,0.0,0.16666666666666666,0.8333333333333334
203,210,21,20,26,7,5,0,2,2,0,0,0,1,1,0,0,0.6666666666666666,0.0,0.3333333333333333,0.3333333333333333,0.0,0.6666666666666666
204,202,21,2,2,18,18,3,3,3,3,0,1,0,0,1,0,0.5,0.16666666666666666,0.3333333333333333,0.3333333333333333,0.16666666666666666,0.5
205,207,21,13,10,12,9,2,1,1,2,1,0,0,0,0,1,0.3333333333333333,0.0,0.6666666666666666,0.6666666666666666,0.0,0.3333333333333333
206,205,21,8,6,11,8,0,1,1,0,0,0,1,1,0,0,0.16666666666666666,0.5,0.3333333333333333,0.3333333333333333,0.5,0.16666666666666666
207,208,21,15,23,14,11,0,2,2,0,0,0,1,1,0,0,0.16666666666666666,0.3333333333333333,0.5,0.5,0.3333333333333333,0.16666666666666666
208,204,21,6,4,16,13,0,0,0,0,0,1,0,0,1,0,0.6666666666666666,0.0,0.3333333333333333,0.3333333333333333,0.0,0.6666666666666666
209,203,21,5,24,17,17,0,3,3,0,0,0,1,1,0,0,0.5,0.0,0.5,0.5,0.0,0.5
210,220,22,19,20,1,1,1,0,0,1,1,0,0,0,0,1,0.5,0.3333333333333333,0.16666666666666666,0.16666666666666666,0.3333333333333333,0.5
211,212,22,4,3,9,25,2,1,1,2,1,0,0,0,0,1,0.6666666666666666,0.16666666666666666,0.16666666666666666,0.16666666666666666,0.16666666666666666,0.6666666666666666
212,213,22,5,24,10,22,0,0,0,0,0,1,0,0,1,0,0.6666666666666666,0.0,0.3333333333333333,0.3333333333333333,0.0,0.6666666666666666
213,215,22,7,5,18,18,1,2,2,1,0,0,1,1,0,0,0.16666666666666666,0.5,0.3333333333333333,0.3333333333333333,0.5,0.16666666666666666
214,218,22,13,10,20,26,3,0,0,3,1,0,0,0,0,1,0.3333333333333333,0.16666666666666666,0.5,0.5,0.16666666666666666,0.3333333333333333
215,211,22,3,21,12,9,0,1,1,0,0,0,1,1,0,0,0.3333333333333333,0.16666666666666666,0.5,0.5,0.16666666666666666,0.3333333333333333
216,216,22,8,6,2,2,2,0,0,2,1,0,0,0,0,1,0.5,0.16666666666666666,0.3333333333333333,0.3333333333333333,0.16666666666666666,0.5
217,217,22,11,8,16,13,1,2,2,1,0,0,1,1,0,0,0.3333333333333333,0.16666666666666666,0.5,0.5,0.16666666666666666,0.3333333333333333
218,219,22,17,17,14,11,0,1,1,0,0,0,1,1,0,0,0.5,0.0,0.5,0.5,0.0,0.5
219,214,22,6,4,15,23,2,1,1,2,1,0,0,0,0,1,0.3333333333333333,0.3333333333333333,0.3333333333333333,0.3333333333333333,0.3333333333333333,0.3333333333333333
220,222,23,2,2,19,20,2,0,0,2,1,0,0,0,0,1,0.3333333333333333,0.16666666666666666,0.5,0.5,0.16666666666666666,0.3333333333333333
221,229,23,18,18,4,3,0,0,0,0,0,1,0,0,1,0,0.5,0.16666666666666666,0.3333333333333333,0.3333333333333333,0.16666666666666666,0.5
222,224,23,10,22,13,10,0,3,3,0,0,0,1,1,0,0,0.3333333333333333,0.0,0.6666666666666666,0.6666666666666666,0.0,0.3333333333333333
223,221,23,1,1,6,4,2,0,0,2,1,0,0,0,0,1,0.5,0.0,0.5,0.5,0.0,0.5
224,225,23,12,9,7,5,4,3,3,4,1,0,0,0,0,1,0.6666666666666666,0.0,0.3333333333333333,0.3333333333333333,0.0,0.6666666666666666
225,223,23,9,25,17,17,1,2,2,1,0,0,1,1,0,0,0.16666666666666666,0.16666666666666666,0.6666666666666666,0.6666666666666666,0.16666666666666666,0.16666666666666666
226,230,23,20,26,11,8,4,3,3,4,1,0,0,0,0,1,0.3333333333333333,0.0,0.6666666666666666,0.6666666666666666,0.0,0.3333333333333333
227,228,23,16,13,8,6,2,1,1,2,1,0,0,0,0,1,0.5,0.0,0.5,0.5,0.0,0.5
228,226,23,14,11,3,21,2,1,1,2,1,0,0,0,0,1,0.8333333333333334,0.16666666666666666,0.0,0.0,0.16666666666666666,0.8333333333333334
229,227,23,15,23,5,24,3,0,0,3,1,0,0,0,0,1,0.16666666666666666,0.3333333333333333,0.5,0.5,0.3333333333333333,0.16666666666666666
230,236,24,20,26,19,20,3,0,0,3,1,0,0,0,0,1,0.5,0.0,0.5,0.5,0.0,0.5
231,235,24,14,11,4,3,2,2,2,2,0,1,0,0,1,0,0.6666666666666666,0.16666666666666666,0.16666666666666666,0.16666666666666666,0.16666666666666666,0.6666666666666666
232,234,24,10,22,8,6,0,1,1,0,0,0,1,1,0,0,0.3333333333333333,0.0,0.6666666666666666,0.6666666666666666,0.0,0.3333333333333333
233,231,24,1,1,5,24,2,1,1,2,1,0,0,0,0,1,0.6666666666666666,0.16666666666666666,0.16666666666666666,0.16666666666666666,0.16666666666666666,0.6666666666666666
234,239,24,16,13,7,5,1,1,1,1,0,1,0,0,1,0,0.3333333333333333,0.0,0.6666666666666666,0.6666666666666666,0.0,0.3333333333333333
235,240,24,17,17,18,18,2,1,1,2,1,0,0,0,0,1,0.16666666666666666,0.16666666666666666,0.6666666666666666,0.6666666666666666,0.16666666666666666,0.16666666666666666
236,233,24,9,25,3,21,4,2,2,4,1,0,0,0,0,1,0.5,0.3333333333333333,0.16666666666666666,0.16666666666666666,0.3333333333333333,0.5
237,237,24,12,9,11,8,1,1,1,1,0,1,0,0,1,0,0.6666666666666666,0.0,0.3333333333333333,0.3333333333333333,0.0,0.6666666666666666
238,232,24,2,2,6,4,4,0,0,4,1,0,0,0,0,1,0.5,0.16666666666666666,0.3333333333333333,0.3333333333333333,0.16666666666666666,0.5
239,238,24,15,23,13,10,2,1,1,2,1,0,0,0,0,1,0.3333333333333333,0.16666666666666666,0.5,0.5,0.16666666666666666,0.3333333333333333
240,250,25,19,20,12,9,1,1,1,1,0,1,0,0,1,0,0.3333333333333333,0.16666666666666666,0.5,0.5,0.16666666666666666,0.3333333333333333
241,242,25,4,3,16,13,1,1,1,1,0,1,0,0,1,0,0.3333333333333333,0.16666666666666666,0.5,0.5,0.16666666666666666,0.3333333333333333
242,244,25,6,4,10,22,5,0,0,5,1,0,0,0,0,1,0.5,0.3333333333333333,0.16666666666666666,0.16666666666666666,0.3333333333333333,0.5
243,248,25,13,10,1,1,3,1,1,3,1,0,0,0,0,1,0.6666666666666666,0.16666666666666666,0.16666666666666666,0.16666666666666666,0.16666666666666666,0.6666666666666666
244,245,25,7,5,9,25,2,0,0,2,1,0,0,0,0,1,0.3333333333333333,0.3333333333333333,0.3333333333333333,0.3333333333333333,0.3333333333333333,0.3333333333333333
245,241,25,3,21,18,18,0,0,0,0,0,1,0,0,1,0,0.3333333333333333,0.3333333333333333,0.3333333333333333,0.3333333333333333,0.3333333333333333,0.3333333333333333
246,246,25,8,6,20,26,1,3,3,1,0,0,1,1,0,0,0.3333333333333333,0.16666666666666666,0.5,0.5,0.16666666666666666,0.3333333333333333
247,243,25,5,24,2,2,2,0,0,2,1,0,0,0,0,1,0.5,0.16666666666666666,0.3333333333333333,0.3333333333333333,0.16666666666666666,0.5
248,266,25,8,6,13,10,0,2,2,0,0,0,1,1,0,0,0.3333333333333333,0.0,0.6666666666666666,0.6666666666666666,0.0,0.3333333333333333
249,247,25,11,8,14,11,0,1,1,0,0,0,1,1,0,0,0.16666666666666666,0.0,0.8333333333333334,0.8333333333333334,0.0,0.16666666666666666
250,249,25,17,17,15,23,1,0,0,1,1,0,0,0,0,1,0.5,0.16666666666666666,0.3333333333333333,0.3333333333333333,0.16666666666666666,0.5
251,252,26,7,5,19,20,1,1,1,1,0,1,0,0,1,0,0.6666666666666666,0.0,0.3333333333333333,0.3333333333333333,0.0,0.6666666666666666
252,251,26,3,21,4,3,1,3,3,1,0,0,1,1,0,0,0.16666666666666666,0.5,0.3333333333333333,0.3333333333333333,0.5,0.16666666666666666
253,254,26,10,22,1,1,1,2,2,1,0,0,1,1,0,0,0.5,0.0,0.5,0.5,0.0,0.5
254,259,26,18,18,8,6,1,0,0,1,1,0,0,0,0,1,0.3333333333333333,0.3333333333333333,0.3333333333333333,0.3333333333333333,0.3333333333333333,0.3333333333333333
255,253,26,9,25,14,11,0,3,3,0,0,0,1,1,0,0,0.3333333333333333,0.0,0.6666666666666666,0.6666666666666666,0.0,0.3333333333333333
256,260,26,20,26,15,23,1,1,1,1,0,1,0,0,1,0,0.6666666666666666,0.16666666666666666,0.16666666666666666,0.16666666666666666,0.16666666666666666,0.6666666666666666
257,255,26,12,9,2,2,3,0,0,3,1,0,0,0,0,1,0.8333333333333334,0.16666666666666666,0.0,0.0,0.16666666666666666,0.8333333333333334
258,258,26,17,17,11,8,3,1,1,3,1,0,0,0,0,1,0.5,0.16666666666666666,0.3333333333333333,0.3333333333333333,0.16666666666666666,0.5
259,257,26,16,13,5,24,1,2,2,1,0,0,1,1,0,0,0.5,0.16666666666666666,0.3333333333333333,0.3333333333333333,0.16666666666666666,0.5
260,256,26,13,10,6,4,6,0,0,6,1,0,0,0,0,1,0.8333333333333334,0.0,0.16666666666666666,0.16666666666666666,0.0,0.8333333333333334
261,270,27,19,20,9,25,3,1,1,3,1,0,0,0,0,1,0.6666666666666666,0.3333333333333333,0.0,0.0,0.3333333333333333,0.6666666666666666
262,263,27,4,3,17,17,2,1,1,2,1,0,0,0,0,1,0.3333333333333333,0.16666666666666666,0.5,0.5,0.16666666666666666,0.3333333333333333
263,269,27,15,23,10,22,2,0,0,2,1,0,0,0,0,1,0.6666666666666666,0.16666666666666666,0.16666666666666666,0.16666666666666666,0.16666666666666666,0.6666666666666666
264,261,27,1,1,16,13,2,0,0,2,1,0,0,0,0,1,0.5,0.3333333333333333,0.16666666666666666,0.16666666666666666,0.3333333333333333,0.5
265,267,27,11,8,7,5,1,4,4,1,0,0,1,1,0,0,0.16666666666666666,0.16666666666666666,0.6666666666666666,0.6666666666666666,0.16666666666666666,0.16666666666666666
266,264,27,5,24,18,18,1,5,5,1,0,0,1,1,0,0,0.3333333333333333,0.3333333333333333,0.3333333333333333,0.3333333333333333,0.3333333333333333,0.3333333333333333
267,262,27,2,2,20,26,1,1,1,1,0,1,0,0,1,0,0.5,0.16666666666666666,0.3333333333333333,0.3333333333333333,0.16666666666666666,0.5
268,268,27,14,11,12,9,0,0,0,0,0,1,0,0,1,0,0.5,0.3333333333333333,0.16666666666666666,0.16666666666666666,0.3333333333333333,0.5
269,278,28,13,10,19,20,1,0,0,1,1,0,0,0,0,1,0.8333333333333334,0.16666666666666666,0.0,0.0,0.16666666666666666,0.8333333333333334
270,279,28,15,23,4,3,2,0,0,2,1,0,0,0,0,1,0.5,0.3333333333333333,0.16666666666666666,0.16666666666666666,0.3333333333333333,0.5
271,274,28,10,22,20,26,1,0,0,1,1,0,0,0,0,1,0.16666666666666666,0.16666666666666666,0.6666666666666666,0.6666666666666666,0.16666666666666666,0.16666666666666666
272,271,28,1,1,2,2,5,1,1,5,1,0,0,0,0,1,1.0,0.0,0.0,0.0,0.0,1.0
273,273,28,7,5,14,11,1,3,3,1,0,0,1,1,0,0,0.16666666666666666,0.16666666666666666,0.6666666666666666,0.6666666666666666,0.16666666666666666,0.16666666666666666
274,277,28,12,9,18,18,5,0,0,5,1,0,0,0,0,1,0.5,0.3333333333333333,0.16666666666666666,0.16666666666666666,0.3333333333333333,0.5
275,280,28,16,13,9,25,2,0,0,2,1,0,0,0,0,1,0.6666666666666666,0.16666666666666666,0.16666666666666666,0.16666666666666666,0.16666666666666666,0.6666666666666666
276,272,28,5,24,8,6,0,3,3,0,0,0,1,1,0,0,0.5,0.16666666666666666,0.3333333333333333,0.3333333333333333,0.16666666666666666,0.5
277,275,28,11,8,3,21,2,1,1,2,1,0,0,0,0,1,0.3333333333333333,0.16666666666666666,0.5,0.5,0.16666666666666666,0.3333333333333333
278,276,28,6,4,17,17,2,0,0,2,1,0,0,0,0,1,0.5,0.16666666666666666,0.3333333333333333,0.3333333333333333,0.16666666666666666,0.5
279,289,29,19,20,15,23,2,0,0,2,1,0,0,0,0,1,0.6666666666666666,0.3333333333333333,0.0,0.0,0.3333333333333333,0.6666666666666666
280,283,29,4,3,7,5,1,3,3,1,0,0,1,1,0,0,0.5,0.3333333333333333,0.16666666666666666,0.16666666666666666,0.3333333333333333,0.5
281,282,29,3,21,10,22,1,0,0,1,1,0,0,0,0,1,0.3333333333333333,0.3333333333333333,0.3333333333333333,0.3333333333333333,0.3333333333333333,0.3333333333333333
282,287,29,17,17,1,1,1,1,1,1,0,1,0,0,1,0,0.8333333333333334,0.0,0.16666666666666666,0.16666666666666666,0.0,0.8333333333333334
283,288,29,18,18,11,8,2,1,1,2,1,0,0,0,0,1,0.5,0.5,0.0,0.0,0.5,0.5
284,285,29,9,25,6,4,1,2,2,1,0,0,1,1,0,0,0.6666666666666666,0.0,0.3333333333333333,0.3333333333333333,0.0,0.6666666666666666
285,290,29,20,26,5,24,2,0,0,2,1,0,0,0,0,1,0.6666666666666666,0.16666666666666666,0.16666666666666666,0.16666666666666666,0.16666666666666666,0.6666666666666666
286,284,29,8,6,12,9,0,0,0,0,0,1,0,0,1,0,0.16666666666666666,0.3333333333333333,0.5,0.5,0.3333333333333333,0.16666666666666666
287,281,29,2,2,13,10,0,1,1,0,0,0,1,1,0,0,0.5,0.16666666666666666,0.3333333333333333,0.3333333333333333,0.16666666666666666,0.5
288,286,29,14,11,16,13,3,2,2,3,1,0,0,0,0,1,0.3333333333333333,0.5,0.16666666666666666,0.16666666666666666,0.5,0.3333333333333333
289,292,30,5,24,19,20,2,0,0,2,1,0,0,0,0,1,0.5,0.16666666666666666,0.3333333333333333,0.3333333333333333,0.16666666666666666,0.5
290,297,30,12,9,4,3,4,2,2,4,1,0,0,0,0,1,0.5,0.3333333333333333,0.16666666666666666,0.16666666666666666,0.3333333333333333,0.5
291,295,30,10,22,2,2,0,2,2,0,0,0,1,1,0,0,0.6666666666666666,0.0,0.3333333333333333,0.3333333333333333,0.0,0.6666666666666666
292,291,30,1,1,14,11,2,0,0,2,1,0,0,0,0,1,0.5,0.0,0.5,0.5,0.0,0.5
293,294,30,7,5,3,21,1,2,2,1,0,0,1,1,0,0,0.6666666666666666,0.16666666666666666,0.16666666666666666,0.16666666666666666,0.16666666666666666,0.6666666666666666
294,298,30,13,10,18,18,3,1,1,3,1,0,0,0,0,1,0.6666666666666666,0.16666666666666666,0.16666666666666666,0.16666666666666666,0.16666666666666666,0.6666666666666666
295,296,30,11,8,9,25,3,1,1,3,1,0,0,0,0,1,0.6666666666666666,0.0,0.3333333333333333,0.3333333333333333,0.0,0.6666666666666666
296,293,30,6,4,20,26,1,1,1,1,0,1,0,0,1,0,0.6666666666666666,0.16666666666666666,0.16666666666666666,0.16666666666666666,0.16666666666666666,0.6666666666666666
297,299,30,15,23,8,6,3,2,2,3,1,0,0,0,0,1,0.6666666666666666,0.0,0.3333333333333333,0.3333333333333333,0.0,0.6666666666666666
298,300,30,16,13,17,17,2,1,1,2,1,0,0,0,0,1,0.5,0.16666666666666666,0.3333333333333333,0.3333333333333333,0.16666666666666666,0.5
299,309,31,19,20,10,22,4,3,3,4,1,0,0,0,0,1,0.8333333333333334,0.16666666666666666,0.0,0.0,0.16666666666666666,0.8333333333333334
300,303,31,4,3,11,8,1,2,2,1,0,0,1,1,0,0,0.5,0.3333333333333333,0.16666666666666666,0.16666666666666666,0.3333333333333333,0.5
301,305,31,9,25,12,9,1,2,2,1,0,0,1,1,0,0,0.16666666666666666,0.5,0.3333333333333333,0.3333333333333333,0.5,0.16666666666666666
302,301,31,2,2,15,23,2,2,2,2,0,1,0,0,1,0,0.5,0.3333333333333333,0.16666666666666666,0.16666666666666666,0.3333333333333333,0.5
303,304,31,8,6,6,4,2,0,0,2,1,0,0,0,0,1,0.3333333333333333,0.16666666666666666,0.5,0.5,0.16666666666666666,0.3333333333333333
304,320,32,19,20,8,6,0,2,2,0,0,0,1,1,0,0,0.8333333333333334,0.0,0.16666666666666666,0.16666666666666666,0.0,0.8333333333333334
305,313,32,4,3,20,26,2,0,0,2,1,0,0,0,0,1,0.3333333333333333,0.3333333333333333,0.3333333333333333,0.3333333333333333,0.3333333333333333,0.3333333333333333
306,315,32,7,5,10,22,2,0,0,2,1,0,0,0,0,1,0.6666666666666666,0.16666666666666666,0.16666666666666666,0.16666666666666666,0.16666666666666666,0.6666666666666666
307,311,32,1,1,15,23,2,0,0,2,1,0,0,0,0,1,0.6666666666666666,0.3333333333333333,0.0,0.0,0.3333333333333333,0.6666666666666666
308,307,32,17,17,7,5,2,0,0,2,1,0,0,0,0,1,0.3333333333333333,0.3333333333333333,0.3333333333333333,0.3333333333333333,0.3333333333333333,0.3333333333333333
309,319,32,14,11,18,18,2,1,1,2,1,0,0,0,0,1,0.5,0.3333333333333333,0.16666666666666666,0.16666666666666666,0.3333333333333333,0.5
310,329,32,18,18,9,25,4,1,1,4,1,0,0,0,0,1,0.6666666666666666,0.3333333333333333,0.0,0.0,0.3333333333333333,0.6666666666666666
311,316,32,9,25,13,10,0,2,2,0,0,0,1,1,0,0,0.16666666666666666,0.0,0.8333333333333334,0.8333333333333334,0.0,0.16666666666666666
312,330,32,20,26,14,11,2,1,1,2,1,0,0,0,0,1,0.3333333333333333,0.16666666666666666,0.5,0.5,0.16666666666666666,0.3333333333333333
313,318,32,12,9,17,17,2,1,1,2,1,0,0,0,0,1,0.8333333333333334,0.0,0.16666666666666666,0.16666666666666666,0.0,0.8333333333333334
314,317,32,11,8,2,2,2,0,0,2,1,0,0,0,0,1,0.6666666666666666,0.0,0.3333333333333333,0.3333333333333333,0.0,0.6666666666666666
315,312,32,3,21,16,13,0,1,1,0,0,0,1,1,0,0,0.3333333333333333,0.3333333333333333,0.3333333333333333,0.3333333333333333,0.3333333333333333,0.3333333333333333
316,314,32,5,24,6,4,1,2,2,1,0,0,1,1,0,0,0.5,0.0,0.5,0.5,0.0,0.5
317,325,32,13,10,5,24,2,0,0,2,1,0,0,0,0,1,0.8333333333333334,0.0,0.16666666666666666,0.16666666666666666,0.0,0.8333333333333334
318,265,32,6,4,3,21,3,0,0,3,1,0,0,0,0,1,0.6666666666666666,0.16666666666666666,0.16666666666666666,0.16666666666666666,0.16666666666666666,0.6666666666666666
319,322,33,6,4,19,20,2,0,0,2,1,0,0,0,0,1,0.6666666666666666,0.3333333333333333,0.0,0.0,0.3333333333333333,0.6666666666666666
320,321,33,2,2,4,3,1,3,3,1,0,0,1,1,0,0,0.3333333333333333,0.3333333333333333,0.3333333333333333,0.3333333333333333,0.3333333333333333,0.3333333333333333
321,324,33,10,22,11,8,1,4,4,1,0,0,1,1,0,0,0.5,0.0,0.5,0.5,0.0,0.5
322,323,33,8,6,1,1,1,0,0,1,1,0,0,0,0,1,0.3333333333333333,0.3333333333333333,0.3333333333333333,0.3333333333333333,0.3333333333333333,0.3333333333333333
323,326,33,15,23,7,5,0,1,1,0,0,0,1,1,0,0,0.6666666666666666,0.0,0.3333333333333333,0.3333333333333333,0.0,0.6666666666666666
324,327,33,16,13,12,9,1,3,3,1,0,0,1,1,0,0,0.3333333333333333,0.3333333333333333,0.3333333333333333,0.3333333333333333,0.3333333333333333,0.3333333333333333
325,337,34,14,11,19,20,2,1,1,2,1,0,0,0,0,1,0.8333333333333334,0.16666666666666666,0.0,0.0,0.16666666666666666,0.8333333333333334
326,332,34,4,3,5,24,2,0,0,2,1,0,0,0,0,1,0.5,0.0,0.5,0.5,0.0,0.5
327,339,34,17,17,10,22,4,0,0,4,1,0,0,0,0,1,0.8333333333333334,0.16666666666666666,0.0,0.0,0.16666666666666666,0.8333333333333334
328,340,34,18,18,1,1,0,1,1,0,0,0,1,1,0,0,0.6666666666666666,0.16666666666666666,0.16666666666666666,0.16666666666666666,0.16666666666666666,0.6666666666666666
329,333,34,7,5,13,10,1,3,3,1,0,0,1,1,0,0,0.16666666666666666,0.0,0.8333333333333334,0.8333333333333334,0.0,0.16666666666666666
330,334,34,9,25,8,6,2,0,0,2,1,0,0,0,0,1,0.16666666666666666,0.0,0.8333333333333334,0.8333333333333334,0.0,0.16666666666666666
331,338,34,16,13,20,26,3,1,1,3,1,0,0,0,0,1,0.6666666666666666,0.16666666666666666,0.16666666666666666,0.16666666666666666,0.16666666666666666,0.6666666666666666
332,336,34,12,9,6,4,2,0,0,2,1,0,0,0,0,1,0.6666666666666666,0.0,0.3333333333333333,0.3333333333333333,0.0,0.6666666666666666
333,331,34,3,21,2,2,0,5,5,0,0,0,1,1,0,0,0.5,0.0,0.5,0.5,0.0,0.5
334,335,34,11,8,15,23,0,1,1,0,0,0,1,1,0,0,0.8333333333333334,0.16666666666666666,0.0,0.0,0.16666666666666666,0.8333333333333334
335,302,34,3,21,5,24,0,2,2,0,0,0,1,1,0,0,0.5,0.0,0.5,0.5,0.0,0.5
336,349,35,19,20,11,8,2,2,2,2,0,1,0,0,1,0,0.5,0.0,0.5,0.5,0.0,0.5
337,344,35,6,4,4,3,2,2,2,2,0,1,0,0,1,0,0.6666666666666666,0.16666666666666666,0.16666666666666666,0.16666666666666666,0.16666666666666666,0.6666666666666666
338,346,35,10,22,18,18,1,2,2,1,0,0,1,1,0,0,0.5,0.0,0.5,0.5,0.0,0.5
339,341,35,1,1,7,5,2,3,3,2,0,0,1,1,0,0,0.6666666666666666,0.0,0.3333333333333333,0.3333333333333333,0.0,0.6666666666666666
340,310,35,20,26,1,1,3,1,1,3,1,0,0,0,0,1,0.5,0.3333333333333333,0.16666666666666666,0.16666666666666666,0.3333333333333333,0.5
341,308,35,18,18,16,13,1,1,1,1,0,1,0,0,1,0,0.6666666666666666,0.0,0.3333333333333333,0.3333333333333333,0.0,0.6666666666666666
342,342,35,2,2,9,25,0,1,1,0,0,0,1,1,0,0,0.5,0.16666666666666666,0.3333333333333333,0.3333333333333333,0.16666666666666666,0.5
343,350,35,20,26,3,21,0,0,0,0,0,1,0,0,1,0,0.6666666666666666,0.16666666666666666,0.16666666666666666,0.16666666666666666,0.16666666666666666,0.6666666666666666
344,343,35,5,24,12,9,0,2,2,0,0,0,1,1,0,0,0.16666666666666666,0.16666666666666666,0.6666666666666666,0.6666666666666666,0.16666666666666666,0.16666666666666666
345,345,35,8,6,14,11,4,0,0,4,1,0,0,0,0,1,0.5,0.16666666666666666,0.3333333333333333,0.3333333333333333,0.16666666666666666,0.5
346,306,35,14,11,13,10,0,2,2,0,0,0,1,1,0,0,0.5,0.0,0.5,0.5,0.0,0.5
347,348,35,15,23,16,13,3,1,1,3,1,0,0,0,0,1,0.6666666666666666,0.0,0.3333333333333333,0.3333333333333333,0.0,0.6666666666666666
348,347,35,13,10,17,17,1,0,0,1,1,0,0,0,0,1,1.0,0.0,0.0,0.0,0.0,1.0
349,328,35,17,17,3,21,1,0,0,1,1,0,0,0,0,1,0.6666666666666666,0.16666666666666666,0.16666666666666666,0.16666666666666666,0.16666666666666666,0.6666666666666666
350,359,36,17,17,19,20,0,1,1,0,0,0,1,1,0,0,1.0,0.0,0.0,0.0,0.0,1.0
351,352,36,4,3,13,10,0,1,1,0,0,0,1,1,0,0,0.3333333333333333,0.0,0.6666666666666666,0.6666666666666666,0.0,0.3333333333333333
352,356,36,12,9,10,22,5,0,0,5,1,0,0,0,0,1,1.0,0.0,0.0,0.0,0.0,1.0
353,355,36,11,8,1,1,3,0,0,3,1,0,0,0,0,1,0.6666666666666666,0.0,0.3333333333333333,0.3333333333333333,0.0,0.6666666666666666
354,353,36,7,5,8,6,0,0,0,0,0,1,0,0,1,0,0.5,0.0,0.5,0.5,0.0,0.5
355,360,36,18,18,20,26,1,2,2,1,0,0,1,1,0,0,0.5,0.3333333333333333,0.16666666666666666,0.16666666666666666,0.3333333333333333,0.5
356,354,36,9,25,5,24,1,0,0,1,1,0,0,0,0,1,0.5,0.0,0.5,0.5,0.0,0.5
357,358,36,16,13,2,2,3,3,3,3,0,1,0,0,1,0,0.5,0.0,0.5,0.5,0.0,0.5
358,357,36,14,11,6,4,1,1,1,1,0,1,0,0,1,0,0.6666666666666666,0.0,0.3333333333333333,0.3333333333333333,0.0,0.6666666666666666
359,351,36,3,21,15,23,1,1,1,1,0,1,0,0,1,0,0.16666666666666666,0.16666666666666666,0.6666666666666666,0.6666666666666666,0.16666666666666666,0.16666666666666666
360,369,37,19,20,16,13,3,0,0,3,1,0,0,0,0,1,0.3333333333333333,0.3333333333333333,0.3333333333333333,0.3333333333333333,0.3333333333333333,0.3333333333333333
361,365,37,8,6,4,3,2,0,0,2,1,0,0,0,0,1,0.6666666666666666,0.16666666666666666,0.16666666666666666,0.16666666666666666,0.16666666666666666,0.6666666666666666
362,366,37,10,22,14,11,1,1,1,1,0,1,0,0,1,0,0.5,0.0,0.5,0.5,0.0,0.5
363,361,37,1,1,3,21,1,1,1,1,0,1,0,0,1,0,0.6666666666666666,0.16666666666666666,0.16666666666666666,0.16666666666666666,0.16666666666666666,0.6666666666666666
364,363,37,5,24,7,5,2,3,3,2,0,0,1,1,0,0,0.3333333333333333,0.0,0.6666666666666666,0.6666666666666666,0.0,0.3333333333333333
365,364,37,6,4,18,18,3,0,0,3,1,0,0,0,0,1,0.6666666666666666,0.16666666666666666,0.16666666666666666,0.16666666666666666,0.16666666666666666,0.6666666666666666
366,370,37,20,26,9,25,1,0,0,1,1,0,0,0,0,1,0.6666666666666666,0.16666666666666666,0.16666666666666666,0.16666666666666666,0.16666666666666666,0.6666666666666666
367,368,37,15,23,12,9,2,3,3,2,0,0,1,1,0,0,0.3333333333333333,0.0,0.6666666666666666,0.6666666666666666,0.0,0.3333333333333333
368,362,37,2,2,17,17,1,0,0,1,1,0,0,0,0,1,0.5,0.16666666666666666,0.3333333333333333,0.3333333333333333,0.16666666666666666,0.5
369,367,37,13,10,11,8,1,0,0,1,1,0,0,0,0,1,0.5,0.16666666666666666,0.3333333333333333,0.3333333333333333,0.16666666666666666,0.5
370,380,38,18,18,19,20,1,4,4,1,0,0,1,1,0,0,0.3333333333333333,0.16666666666666666,0.5,0.5,0.16666666666666666,0.3333333333333333
371,372,38,4,3,1,1,1,3,3,1,0,0,1,1,0,0,0.6666666666666666,0.0,0.3333333333333333,0.3333333333333333,0.0,0.6666666666666666
372,378,38,16,13,10,22,1,1,1,1,0,1,0,0,1,0,0.6666666666666666,0.16666666666666666,0.16666666666666666,0.16666666666666666,0.16666666666666666,0.6666666666666666
373,373,38,7,5,2,2,5,3,3,5,1,0,0,0,0,1,0.3333333333333333,0.3333333333333333,0.3333333333333333,0.3333333333333333,0.3333333333333333,0.3333333333333333
374,374,38,9,25,15,23,0,4,4,0,0,0,1,1,0,0,0.5,0.16666666666666666,0.3333333333333333,0.3333333333333333,0.16666666666666666,0.5
375,376,38,12,9,20,26,2,0,0,2,1,0,0,0,0,1,0.8333333333333334,0.0,0.16666666666666666,0.16666666666666666,0.0,0.8333333333333334
376,375,38,11,8,6,4,0,0,0,0,0,1,0,0,1,0,0.5,0.16666666666666666,0.3333333333333333,0.3333333333333333,0.16666666666666666,0.5
377,379,38,17,17,8,6,2,2,2,2,0,1,0,0,1,0,0.5,0.16666666666666666,0.3333333333333333,0.3333333333333333,0.16666666666666666,0.5
378,377,38,14,11,5,24,0,2,2,0,0,0,1,1,0,0,0.5,0.16666666666666666,0.3333333333333333,0.3333333333333333,0.16666666666666666,0.5
379,371,38,3,21,13,10,1,4,4,1,0,0,1,1,0,0,0.0,0.16666666666666666,0.8333333333333334,0.8333333333333334,0.16666666666666666,0.0
